CNGHA,20120329,99.500,99.700,99.350,99.690,20000
CNGHA,20120330,99.350,99.680,99.050,99.500,14737
CNGHA,20120402,99.400,99.700,99.400,99.600,15489
CNGHA,20120403,99.600,99.700,99.600,99.600,37725
CNGHA,20120404,99.650,99.800,99.600,99.730,12461
CNGHA,20120405,99.610,99.880,99.600,99.850,23570
CNGHA,20120410,99.900,99.990,99.900,99.900,20409
CNGHA,20120411,99.900,99.930,99.850,99.900,5265
CNGHA,20120412,99.930,99.940,99.850,99.940,10352
CNGHA,20120413,99.950,100.000,99.850,99.860,18188
CNGHA,20120416,99.900,99.990,99.850,99.980,8568
CNGHA,20120417,100.000,100.000,99.900,99.950,12869
CNGHA,20120418,100.000,100.100,99.800,100.000,17936
CNGHA,20120419,100.000,100.200,99.990,100.190,7562
CNGHA,20120420,100.190,100.200,100.100,100.100,10371
CNGHA,20120423,100.100,100.200,100.011,100.150,11066
CNGHA,20120424,100.080,100.080,99.950,100.000,10888
CNGHA,20120426,100.000,100.050,99.950,100.040,16286
CNGHA,20120427,100.000,100.200,100.000,100.190,8988
CNGHA,20120430,100.190,100.300,99.990,100.200,13604
CNGHA,20120501,100.200,100.500,100.100,100.110,11298
CNGHA,20120502,100.500,100.500,100.150,100.500,11081
CNGHA,20120503,100.300,100.400,99.990,100.400,7884
CNGHA,20120504,100.410,100.600,100.410,100.600,8028
CNGHA,20120507,100.600,100.600,100.100,100.400,4639
CNGHA,20120508,100.400,100.650,100.250,100.310,8493
CNGHA,20120509,100.320,100.700,100.310,100.650,5226
CNGHA,20120510,100.600,100.740,100.500,100.700,9368
CNGHA,20120511,100.700,100.850,100.600,100.600,12934
CNGHA,20120514,100.600,100.690,100.250,100.500,8755
CNGHA,20120515,100.550,100.550,99.970,99.970,16742
CNGHA,20120516,100.200,100.200,99.950,100.200,5464
CNGHA,20120517,100.200,100.200,100.101,100.150,9811
CNGHA,20120518,100.200,100.500,99.910,99.910,39737
CNGHA,20120521,99.910,100.000,99.500,100.000,12225
CNGHA,20120522,100.099,100.099,99.900,99.900,7931
CNGHA,20120523,99.999,99.999,99.900,99.900,9737
CNGHA,20120524,99.900,99.950,99.750,99.750,35549
CNGHA,20120525,99.895,99.990,99.895,99.950,11233
CNGHA,20120528,99.950,100.000,99.800,99.990,7043
CNGHA,20120529,99.990,100.100,99.900,99.950,8741
CNGHA,20120530,99.980,100.050,99.950,100.040,4625
CNGHA,20120531,100.040,100.090,99.900,99.950,8668
CNGHA,20120601,100.090,100.200,100.000,100.090,7925
CNGHA,20120604,100.100,100.200,99.500,99.500,22999
CNGHA,20120605,100.000,100.080,99.850,100.030,12994
CNGHA,20120606,99.950,100.000,99.800,100.000,5612
CNGHA,20120607,100.000,100.050,99.800,99.800,12293
CNGHA,20120608,100.000,100.100,99.650,100.000,7949
CNGHA,20120612,100.020,100.020,99.700,100.000,13459
CNGHA,20120613,99.850,100.000,99.620,100.000,23376
CNGHA,20120614,99.990,100.000,99.750,99.990,14500
CNGHA,20120615,99.310,99.310,98.000,98.200,20677
CNGHA,20120618,97.800,98.900,97.800,98.900,7028
CNGHA,20120619,98.900,98.950,98.500,98.900,4998
CNGHA,20120620,98.850,99.500,98.600,99.000,9539
CNGHA,20120621,99.350,99.350,98.900,98.999,26504
CNGHA,20120622,99.000,99.000,98.500,99.000,7089
CNGHA,20120625,99.000,99.500,98.800,99.450,13398
CNGHA,20120626,99.420,99.500,99.300,99.300,6829
CNGHA,20120627,99.400,99.500,99.250,99.490,8857
CNGHA,20120628,99.550,99.800,99.100,99.100,7823
CNGHA,20120629,99.220,99.700,99.200,99.500,11291
CNGHA,20120702,99.500,99.800,99.450,99.750,15438
CNGHA,20120703,99.750,100.000,99.750,99.999,11775
CNGHA,20120704,100.000,100.200,99.990,100.150,34021
CNGHA,20120705,100.050,100.200,100.050,100.200,31779
CNGHA,20120706,100.300,100.650,100.200,100.650,9952
CNGHA,20120709,100.600,100.700,100.500,100.700,6124
CNGHA,20120710,100.690,100.700,100.160,100.200,9796
CNGHA,20120711,100.500,100.600,100.490,100.600,7288
CNGHA,20120712,100.650,101.000,100.650,100.900,9475
CNGHA,20120713,100.750,101.000,100.600,100.800,11165
CNGHA,20120716,100.800,100.900,100.550,100.700,8064
CNGHA,20120717,100.690,101.100,100.550,100.800,3172
CNGHA,20120718,100.900,101.500,100.900,101.500,6850
CNGHA,20120719,101.200,101.800,101.200,101.500,7213
CNGHA,20120720,101.500,101.600,101.000,101.500,12193
CNGHA,20120723,101.500,101.500,101.100,101.100,4241
CNGHA,20120724,101.200,101.500,101.100,101.150,4963
CNGHA,20120725,101.150,101.380,101.000,101.000,9331
CNGHA,20120726,100.900,101.400,100.900,101.000,6416
CNGHA,20120727,101.400,101.400,101.200,101.380,5300
CNGHA,20120730,101.200,101.400,101.000,101.000,5325
CNGHA,20120731,101.300,101.400,101.000,101.000,4512
CNGHA,20120801,101.000,101.300,100.900,101.300,6027
CNGHA,20120802,101.200,101.480,101.050,101.300,6647
CNGHA,20120803,101.300,101.750,101.050,101.050,16392
CNGHA,20120806,101.050,101.200,101.000,101.000,3165
CNGHA,20120807,101.100,101.200,101.000,101.000,8685
CNGHA,20120808,101.200,101.380,100.900,101.000,5210
CNGHA,20120809,101.200,101.420,100.900,101.150,12939
CNGHA,20120810,101.100,101.100,100.600,100.990,9294
CNGHA,20120813,101.000,101.000,100.500,100.600,5963
CNGHA,20120814,100.990,101.200,100.850,100.950,9803
CNGHA,20120815,100.800,101.000,100.500,100.980,10720
CNGHA,20120816,100.950,100.950,100.550,100.600,6649
CNGHA,20120817,100.850,100.850,100.600,100.800,8181
CNGHA,20120820,100.800,100.800,100.370,100.700,7896
CNGHA,20120821,100.600,100.800,100.570,100.790,7005
CNGHA,20120822,100.650,100.750,100.210,100.400,6864
CNGHA,20120823,100.350,100.600,100.350,100.350,24736
CNGHA,20120824,100.350,100.500,100.200,100.200,9523
CNGHA,20120827,100.400,100.650,100.200,100.650,10455
CNGHA,20120828,100.650,100.680,100.400,100.600,8823
CNGHA,20120829,100.500,100.600,100.400,100.400,4424
CNGHA,20120830,100.400,100.700,100.010,100.700,11276
CNGHA,20120831,100.250,100.700,100.170,100.500,10539
CNGHA,20120903,100.400,100.400,100.100,100.200,7906
CNGHA,20120904,100.150,100.200,100.100,100.100,4460
CNGHA,20120905,100.100,100.200,100.020,100.200,7914
CNGHA,20120906,100.200,100.200,99.990,100.000,23989
CNGHA,20120907,100.000,100.350,100.000,100.350,7552
CNGHA,20120910,100.350,100.400,100.151,100.400,12223
CNGHA,20120911,100.300,100.600,100.300,100.600,15732
CNGHA,20120912,100.610,100.990,100.610,100.990,5013
CNGHA,20120913,100.990,101.000,100.900,100.900,8361
CNGHA,20120914,100.610,100.950,100.610,100.900,6603
CNGHA,20120917,100.270,100.270,99.700,99.980,13275
CNGHA,20120918,99.980,99.980,99.500,99.950,16496
CNGHA,20120919,99.960,99.970,99.850,99.950,8350
CNGHA,20120920,99.900,99.950,99.500,99.950,5498
CNGHA,20120921,99.950,100.000,99.900,99.950,12775
CNGHA,20120924,99.950,100.000,99.700,99.900,25603
CNGHA,20120925,100.000,100.000,99.750,100.000,3671
CNGHA,20120926,100.000,100.100,99.910,100.100,14486
CNGHA,20120927,100.100,100.500,100.100,100.500,42780
CNGHA,20120928,100.300,101.200,100.290,101.000,14611
CNGHA,20121001,101.100,101.200,101.100,101.180,5223
CNGHA,20121002,101.000,101.250,101.000,101.050,9810
CNGHA,20121003,101.100,101.500,100.870,101.450,21231
CNGHA,20121004,101.400,101.450,101.000,101.000,12883
CNGHA,20121005,101.100,101.260,101.000,101.000,14117
CNGHA,20121008,101.000,101.200,100.900,101.200,15539
CNGHA,20121009,101.000,101.450,101.000,101.300,4421
CNGHA,20121010,101.300,101.450,101.150,101.250,6627
CNGHA,20121011,101.300,101.400,101.100,101.400,7246
CNGHA,20121012,101.400,101.450,101.300,101.450,5780
CNGHA,20121015,101.450,102.500,101.400,102.500,22075
CNGHA,20121016,102.490,102.490,101.450,101.450,6714
CNGHA,20121017,101.500,102.400,101.450,102.351,15599
CNGHA,20121018,102.350,102.450,102.350,102.450,18662
CNGHA,20121019,102.420,102.600,102.350,102.400,30358
CNGHA,20121022,102.350,102.990,102.340,102.400,17484
CNGHA,20121023,102.600,102.900,102.500,102.650,8086
CNGHA,20121024,102.600,102.900,102.600,102.600,11063
CNGHA,20121025,102.650,102.900,102.600,102.750,11020
CNGHA,20121026,102.750,102.900,102.750,102.900,5422
CNGHA,20121029,102.890,103.000,102.750,103.000,25963
CNGHA,20121030,102.950,103.400,102.920,103.000,6286
CNGHA,20121031,103.100,103.400,103.000,103.400,52552
CNGHA,20121101,103.000,103.600,103.000,103.600,10789
CNGHA,20121102,103.000,103.600,103.000,103.020,4425
CNGHA,20121105,103.020,103.500,103.020,103.500,1071
CNGHA,20121106,103.500,103.600,103.500,103.550,855
CNGHA,20121107,103.500,104.000,103.200,104.000,4974
CNGHA,20121108,104.500,104.500,103.500,103.600,10263
CNGHA,20121109,103.500,104.500,103.000,104.000,10453
CNGHA,20121112,104.100,105.000,104.000,104.220,7597
CNGHA,20121113,104.200,104.210,104.050,104.050,11730
CNGHA,20121114,104.050,104.500,104.000,104.050,7676
CNGHA,20121115,104.000,104.330,103.850,104.330,2173
CNGHA,20121116,104.080,105.000,103.850,104.900,3864
CNGHA,20121119,104.850,104.850,104.000,104.000,3835
CNGHA,20121120,104.000,104.150,103.800,103.997,3003
CNGHA,20121121,103.990,103.990,103.800,103.800,4047
CNGHA,20121122,103.750,103.750,103.500,103.500,25822
CNGHA,20121123,103.500,103.990,103.500,103.880,2335
CNGHA,20121126,103.880,104.000,103.500,103.500,4079
CNGHA,20121127,104.000,104.100,103.500,103.500,3542
CNGHA,20121128,103.500,104.000,103.500,103.800,3216
CNGHA,20121129,103.800,103.800,103.010,103.500,6219
CNGHA,20121130,103.800,104.000,103.050,103.050,3606
CNGHA,20121203,103.100,104.000,103.100,104.000,1921
CNGHA,20121204,103.900,104.000,103.880,104.000,5042
CNGHA,20121205,103.900,104.450,103.900,104.450,8456
CNGHA,20121206,104.450,104.800,104.000,104.800,3232
CNGHA,20121207,104.100,104.880,104.100,104.110,2105
CNGHA,20121210,104.120,104.400,104.120,104.120,2991
CNGHA,20121211,104.100,104.400,104.100,104.150,7685
CNGHA,20121212,104.100,104.500,103.800,104.000,24288
CNGHA,20121213,104.000,104.500,103.500,103.501,4933
CNGHA,20121214,103.950,104.150,103.510,103.800,3375
CNGHA,20121217,102.100,103.500,102.100,103.000,6607
CNGHA,20121218,103.000,103.200,102.700,103.000,7608
CNGHA,20121219,103.000,103.700,102.701,102.701,55455
CNGHA,20121220,103.200,103.600,103.000,103.301,4385
CNGHA,20121221,103.500,103.650,102.500,102.950,2921
CNGHA,20121224,102.500,103.650,102.350,103.650,2647
CNGHA,20121227,102.550,102.550,102.500,102.500,550
CNGHA,20121228,102.600,103.150,102.600,103.150,570
CNGHA,20121231,103.150,103.150,103.150,103.150,454
CNGHA,20130102,103.650,104.400,103.650,104.400,785
CNGHA,20130103,104.150,104.200,103.150,103.700,2466
CNGHA,20130104,103.740,104.000,103.500,104.000,4364
CNGHA,20130107,103.700,104.000,103.650,103.800,3177
CNGHA,20130108,103.800,104.100,103.500,103.500,3027
CNGHA,20130109,103.900,104.000,103.500,103.500,1933
CNGHA,20130110,103.500,104.050,103.250,104.050,3528
CNGHA,20130111,104.050,104.290,103.620,104.290,2183
CNGHA,20130114,104.250,104.250,103.300,104.000,2806
CNGHA,20130115,103.600,104.000,103.600,104.000,7759
CNGHA,20130116,103.650,104.300,103.650,104.200,4725
CNGHA,20130117,104.400,104.410,104.010,104.010,5760
CNGHA,20130118,104.000,104.300,103.800,104.050,8348
CNGHA,20130121,104.350,104.410,103.510,103.800,4313
CNGHA,20130122,103.800,104.000,102.660,102.660,7793
CNGHA,20130123,103.750,103.750,102.400,102.410,8224
CNGHA,20130124,102.900,103.000,102.420,102.500,10231
CNGHA,20130125,102.700,103.000,102.500,103.000,7691
CNGHA,20130129,103.250,103.250,102.950,103.250,11477
CNGHA,20130130,103.000,103.100,102.600,103.000,12612
CNGHA,20130131,103.000,103.250,102.600,102.650,9242
CNGHA,20130201,102.650,103.400,102.050,102.050,5436
CNGHA,20130204,102.500,103.000,102.060,102.500,9067
CNGHA,20130205,102.500,102.800,102.000,102.650,6227
CNGHA,20130206,102.580,102.700,102.500,102.600,10228
CNGHA,20130207,102.600,102.950,102.550,102.950,8138
CNGHA,20130208,102.750,103.000,102.500,102.550,6216
CNGHA,20130211,102.550,102.950,102.550,102.701,5084
CNGHA,20130212,102.800,103.490,102.800,103.490,7102
CNGHA,20130213,103.480,103.500,102.750,103.190,8219
CNGHA,20130214,103.000,103.200,102.800,102.930,11835
CNGHA,20130215,102.850,103.000,102.825,103.000,17558
CNGHA,20130218,102.740,103.000,102.500,102.580,8457
CNGHA,20130219,102.580,103.000,102.251,103.000,8627
CNGHA,20130220,102.990,103.000,102.751,102.755,9275
CNGHA,20130221,103.000,103.200,102.801,103.050,9049
CNGHA,20130222,102.900,103.200,102.751,103.030,19601
CNGHA,20130225,103.030,103.100,102.850,103.080,7608
CNGHA,20130226,103.000,103.080,102.801,103.050,12359
CNGHA,20130227,102.750,103.000,102.750,102.800,5190
CNGHA,20130228,102.800,103.099,102.750,102.970,2772
CNGHA,20130301,102.720,103.000,102.200,103.000,10807
CNGHA,20130304,102.900,103.000,102.501,102.750,10800
CNGHA,20130305,102.760,103.000,102.500,102.740,12320
CNGHA,20130306,102.900,103.490,102.900,103.450,8814
CNGHA,20130307,103.300,103.489,102.100,102.950,9231
CNGHA,20130308,103.000,103.449,102.700,103.449,6006
CNGHA,20130311,103.000,103.300,103.000,103.000,2560
CNGHA,20130312,103.000,103.190,102.800,103.000,12995
CNGHA,20130313,103.000,103.300,102.900,103.300,6278
CNGHA,20130314,102.900,103.300,102.900,103.000,5437
CNGHA,20130315,102.750,103.150,102.750,103.150,6153
CNGHA,20130318,102.400,102.500,100.500,101.390,7816
CNGHA,20130319,101.200,101.380,100.500,101.380,11301
CNGHA,20130320,101.500,101.580,101.300,101.500,14353
CNGHA,20130321,101.500,102.000,100.740,100.740,7172
CNGHA,20130322,101.020,102.000,101.020,101.081,5911
CNGHA,20130325,101.500,102.000,101.500,101.550,2397
CNGHA,20130326,101.650,102.200,101.650,102.200,4169
CNGHA,20130327,102.000,102.400,102.000,102.000,10059
CNGHA,20130328,102.000,102.450,101.500,101.950,9236
CNGHA,20130402,102.100,102.200,101.520,102.000,6181
CNGHA,20130403,102.000,102.450,102.000,102.000,1271
CNGHA,20130404,102.000,102.890,102.000,102.890,6003
CNGHA,20130405,102.600,103.300,102.600,103.000,6045
CNGHA,20130408,103.000,103.150,102.650,103.150,1720
CNGHA,20130409,103.000,103.000,102.710,102.720,2976
CNGHA,20130410,102.950,103.200,102.720,102.720,7747
CNGHA,20130411,103.300,103.490,102.650,103.000,1950
CNGHA,20130412,102.600,102.800,102.600,102.800,5644
CNGHA,20130415,102.700,103.200,102.100,103.200,6668
CNGHA,20130416,103.200,103.200,102.450,102.750,3228
CNGHA,20130417,103.150,103.150,102.320,102.510,6845
CNGHA,20130418,102.360,102.950,102.360,102.650,3664
CNGHA,20130419,102.370,102.700,102.310,102.650,5547
CNGHA,20130422,102.600,103.250,102.500,102.650,9837
CNGHA,20130423,102.800,103.250,102.800,103.250,4945
CNGHA,20130424,103.250,104.000,103.100,103.100,5366
CNGHA,20130426,103.090,103.200,102.750,103.100,4484
CNGHA,20130429,102.800,103.100,102.800,102.890,4867
CNGHA,20130430,103.000,103.060,102.810,103.060,10242
CNGHA,20130501,102.990,103.060,102.800,103.060,4297
CNGHA,20130502,103.060,103.060,102.900,102.900,6965
CNGHA,20130503,102.950,103.020,102.800,102.810,4707
CNGHA,20130506,102.800,103.020,102.800,103.000,12812
CNGHA,20130507,103.000,103.550,103.000,103.500,8708
CNGHA,20130508,103.250,103.600,103.250,103.600,13639
CNGHA,20130509,103.500,103.600,103.250,103.600,5281
CNGHA,20130510,103.600,104.000,103.510,103.950,4577
CNGHA,20130513,103.999,103.999,103.301,103.999,10068
CNGHA,20130514,103.460,103.999,103.450,103.799,12677
CNGHA,20130515,103.800,103.800,103.551,103.700,8204
CNGHA,20130516,103.600,103.900,103.550,103.900,3528
CNGHA,20130517,103.700,103.800,103.300,103.351,6950
CNGHA,20130520,103.350,103.790,103.350,103.749,5633
CNGHA,20130521,103.500,103.750,103.451,103.451,3882
CNGHA,20130522,103.450,103.450,103.250,103.400,6223
CNGHA,20130523,103.400,103.400,103.000,103.000,7609
CNGHA,20130524,102.900,103.090,102.500,103.000,4567
CNGHA,20130527,103.100,103.650,102.851,103.000,4798
CNGHA,20130528,103.000,103.680,102.601,103.000,5876
CNGHA,20130529,103.000,103.000,102.551,102.950,9812
CNGHA,20130530,102.950,103.650,102.950,103.300,4505
CNGHA,20130531,103.300,103.300,102.700,103.000,8146
CNGHA,20130603,102.900,103.350,102.570,103.200,13468
CNGHA,20130604,103.000,103.100,102.571,102.571,7086
CNGHA,20130605,102.602,103.489,102.600,103.329,9495
CNGHA,20130606,102.571,103.290,102.571,103.190,4620
CNGHA,20130607,102.900,103.190,102.750,103.190,3697
CNGHA,20130611,103.190,103.200,103.110,103.120,10543
CNGHA,20130612,103.121,103.200,103.000,103.200,13175
CNGHA,20130613,103.200,103.200,102.800,103.199,8573
CNGHA,20130614,102.490,102.490,101.420,101.450,10150
CNGHA,20130617,101.450,101.550,101.201,101.350,13382
CNGHA,20130618,101.350,101.600,101.201,101.490,9077
CNGHA,20130619,101.451,101.700,101.300,101.320,36519
CNGHA,20130620,101.699,101.699,101.201,101.201,4372
CNGHA,20130621,101.100,101.300,100.011,100.011,13050
CNGHA,20130624,100.700,101.700,100.250,101.600,8523
CNGHA,20130625,101.600,101.600,101.400,101.480,6642
CNGHA,20130626,101.480,101.500,101.250,101.380,11076
CNGHA,20130627,101.500,102.000,101.480,102.000,1988
CNGHA,20130628,101.800,102.000,101.800,101.800,5494
CNGHA,20130701,101.810,101.810,101.600,101.750,2542
CNGHA,20130702,101.799,101.800,101.601,101.601,4227
CNGHA,20130703,101.800,101.800,101.450,101.450,7273
CNGHA,20130704,101.600,101.600,101.200,101.250,3152
CNGHA,20130705,101.300,101.450,101.250,101.450,9831
CNGHA,20130708,101.490,101.500,101.051,101.051,5759
CNGHA,20130709,101.250,101.750,101.200,101.300,10055
CNGHA,20130710,101.300,101.500,101.270,101.300,9965
CNGHA,20130711,101.300,101.450,101.200,101.320,12824
CNGHA,20130712,101.500,101.850,101.410,101.800,8521
CNGHA,20130715,101.700,102.000,101.350,101.350,11530
CNGHA,20130716,101.350,101.950,101.350,101.400,4659
CNGHA,20130717,101.650,102.000,101.420,101.500,4066
CNGHA,20130718,101.600,101.740,101.500,101.680,16034
CNGHA,20130719,101.679,101.679,101.501,101.600,9189
CNGHA,20130722,101.520,102.290,101.510,102.290,5254
CNGHA,20130723,102.290,102.300,101.650,102.300,2073
CNGHA,20130724,102.300,102.900,101.851,101.851,5644
CNGHA,20130725,101.900,102.200,101.900,102.000,6993
CNGHA,20130726,102.000,102.250,101.800,102.250,13483
CNGHA,20130729,102.300,102.800,102.230,102.230,23849
CNGHA,20130730,102.010,102.730,102.000,102.349,2548
CNGHA,20130731,102.051,102.880,102.051,102.880,6084
CNGHA,20130801,102.500,102.890,102.210,102.890,3834
CNGHA,20130802,102.850,102.850,102.051,102.300,9089
CNGHA,20130805,102.300,102.790,102.000,102.000,4094
CNGHA,20130806,102.030,102.410,102.000,102.410,7559
CNGHA,20130807,102.600,102.600,102.350,102.500,3250
CNGHA,20130808,102.500,102.500,102.200,102.250,11308
CNGHA,20130809,102.200,102.450,102.200,102.400,3232
CNGHA,20130812,102.210,102.500,102.210,102.311,4885
CNGHA,20130813,102.281,102.580,102.281,102.500,4765
CNGHA,20130814,102.350,102.710,102.300,102.710,8022
CNGHA,20130815,102.700,102.850,102.521,102.750,5720
CNGHA,20130816,102.750,102.800,102.400,102.720,48175
CNGHA,20130819,102.720,103.000,102.720,103.000,3872
CNGHA,20130820,102.750,103.090,102.750,102.998,4594
CNGHA,20130821,102.780,103.000,102.780,103.000,3256
CNGHA,20130822,102.950,103.590,102.950,103.450,7097
CNGHA,20130823,103.050,103.450,103.000,103.280,2267
CNGHA,20130826,103.280,103.900,103.280,103.300,5391
CNGHA,20130827,103.500,103.950,103.300,103.950,1136
CNGHA,20130828,104.050,104.080,103.650,104.000,2588
CNGHA,20130829,103.800,103.800,103.280,103.280,7535
CNGHA,20130830,103.280,103.740,103.240,103.240,4431
CNGHA,20130902,103.500,103.570,103.250,103.480,7927
CNGHA,20130903,103.470,103.480,103.100,103.470,6790
CNGHA,20130904,103.350,103.350,103.290,103.300,10908
CNGHA,20130905,103.150,103.560,103.150,103.560,5835
CNGHA,20130906,103.750,104.080,103.750,103.900,5100
CNGHA,20130909,103.890,104.000,103.890,104.000,6860
CNGHA,20130910,104.010,104.010,103.847,104.000,6719
CNGHA,20130911,104.080,104.300,103.900,103.950,4798
CNGHA,20130912,104.250,104.300,103.950,104.050,5826
CNGHA,20130913,104.100,104.300,103.950,104.300,4272
CNGHA,20130916,102.750,102.750,101.910,102.000,22974
CNGHA,20130917,102.200,102.650,102.100,102.650,16110
CNGHA,20130918,102.500,102.500,102.110,102.160,5140
CNGHA,20130919,102.161,102.550,102.161,102.550,9839
CNGHA,20130920,102.660,102.800,102.460,102.461,10791
CNGHA,20130923,102.500,102.600,102.300,102.300,35544
CNGHA,20130924,102.350,102.850,102.350,102.640,8493
CNGHA,20130925,102.500,102.650,102.430,102.650,3606
CNGHA,20130926,102.650,103.500,102.640,103.500,5455
CNGHA,20130927,103.400,103.500,103.100,103.100,5259
CNGHA,20130930,103.100,103.750,102.850,103.418,6351
CNGHA,20131001,103.399,103.600,102.880,103.200,6522
CNGHA,20131002,103.399,103.400,102.700,102.700,6682
CNGHA,20131003,102.700,102.900,102.550,102.800,13691
CNGHA,20131004,102.800,102.800,102.550,102.600,6638
CNGHA,20131007,102.650,103.290,102.550,103.290,2080
CNGHA,20131008,103.200,103.280,103.000,103.000,4675
CNGHA,20131009,102.800,103.000,102.650,103.000,8244
CNGHA,20131010,102.970,102.990,102.800,102.949,10707
CNGHA,20131011,102.950,103.000,102.750,102.750,6750
CNGHA,20131014,102.800,103.050,102.760,103.050,5078
CNGHA,20131015,103.000,103.300,102.950,103.050,6457
CNGHA,20131016,103.050,103.500,103.030,103.030,3851
CNGHA,20131017,103.030,103.600,103.030,103.400,5828
CNGHA,20131018,103.300,103.600,103.300,103.500,4305
CNGHA,20131021,103.500,103.850,103.350,103.800,8223
CNGHA,20131022,103.800,103.900,103.150,103.851,21894
CNGHA,20131023,103.900,103.950,103.750,103.950,5580
CNGHA,20131024,103.840,103.840,103.050,103.150,10968
CNGHA,20131025,103.150,103.240,103.100,103.239,5008
CNGHA,20131028,103.200,103.500,103.200,103.500,18679
CNGHA,20131029,103.500,103.800,103.050,103.050,5873
CNGHA,20131030,103.120,103.900,103.120,103.150,5103
CNGHA,20131031,103.200,103.460,103.150,103.460,4324
CNGHA,20131101,103.460,103.500,103.220,103.300,2877
CNGHA,20131104,103.300,103.450,103.300,103.300,3673
CNGHA,20131105,103.400,103.400,103.300,103.350,2972
CNGHA,20131106,103.400,103.400,103.020,103.100,8944
CNGHA,20131107,103.150,103.230,103.030,103.100,11445
CNGHA,20131108,103.150,103.300,103.080,103.100,5247
CNGHA,20131111,103.100,103.300,103.100,103.300,9407
CNGHA,20131112,103.100,103.150,103.010,103.150,17172
CNGHA,20131113,103.010,103.100,102.750,102.850,12306
CNGHA,20131114,102.760,103.060,102.500,102.500,22934
CNGHA,20131115,102.500,102.900,102.500,102.800,12274
CNGHA,20131118,102.650,102.890,102.650,102.700,8935
CNGHA,20131119,102.980,103.000,102.711,102.880,6560
CNGHA,20131120,102.750,103.000,102.710,102.750,6357
CNGHA,20131121,102.850,102.899,102.520,102.800,5294
CNGHA,20131122,102.799,102.800,102.500,102.700,8832
CNGHA,20131125,102.700,102.700,102.200,102.251,19827
CNGHA,20131126,102.699,102.700,102.400,102.700,60749
CNGHA,20131127,102.700,103.000,102.700,102.750,19483
CNGHA,20131128,102.750,102.760,102.250,102.760,10562
CNGHA,20131129,102.760,102.800,102.310,102.800,5693
CNGHA,20131202,102.397,102.950,102.397,102.670,2852
CNGHA,20131203,102.670,102.900,102.670,102.900,6285
CNGHA,20131204,102.900,103.000,102.700,103.000,5437
CNGHA,20131205,102.800,103.150,102.700,102.750,77443
CNGHA,20131206,102.760,103.000,102.750,102.980,8855
CNGHA,20131209,102.850,103.000,102.850,103.000,2848
CNGHA,20131210,102.950,103.100,102.800,102.900,11609
CNGHA,20131211,103.000,103.050,102.900,103.000,5412
CNGHA,20131212,102.900,103.050,102.800,102.800,9790
CNGHA,20131213,102.850,103.100,102.600,103.000,8746
CNGHA,20131216,103.000,103.150,102.790,103.150,5421
CNGHA,20131217,101.550,102.150,101.550,101.950,9938
CNGHA,20131218,101.950,102.500,101.800,102.250,17683
CNGHA,20131219,102.250,102.250,101.900,102.000,12578
CNGHA,20131220,101.900,102.500,101.900,102.000,11146
CNGHA,20131223,102.000,102.500,101.910,102.000,5882
CNGHA,20131224,102.500,102.850,102.001,102.850,5466
CNGHA,20131227,102.830,102.850,102.000,102.000,3001
CNGHA,20131230,102.250,102.350,102.250,102.250,700
CNGHA,20140102,102.936,102.950,102.500,102.501,3911
CNGHA,20140103,102.550,102.949,102.550,102.660,550
CNGHA,20140106,102.935,102.950,102.500,102.950,3383
CNGHA,20140107,102.800,102.950,102.500,102.830,3064
CNGHA,20140108,102.830,102.950,102.490,102.870,4516
CNGHA,20140109,102.510,102.890,102.510,102.850,4065
CNGHA,20140110,102.700,103.100,102.700,102.751,3632
CNGHA,20140113,102.750,102.999,102.750,102.751,1033
CNGHA,20140114,102.800,103.099,102.750,103.050,2241
CNGHA,20140115,103.050,103.050,103.000,103.000,2392
CNGHA,20140116,103.050,103.300,103.050,103.300,6106
CNGHA,20140117,103.100,103.300,102.850,103.000,2965
CNGHA,20140120,103.000,103.300,103.000,103.000,2338
CNGHA,20140121,103.280,103.280,102.850,102.850,3505
CNGHA,20140122,103.000,103.180,102.880,103.180,5642
CNGHA,20140123,103.180,103.300,103.100,103.250,4501
CNGHA,20140124,103.280,103.500,102.980,103.350,6566
CNGHA,20140128,103.300,103.350,103.100,103.150,4310
CNGHA,20140129,103.200,103.400,103.150,103.180,8320
CNGHA,20140130,103.180,103.420,103.110,103.200,12822
CNGHA,20140131,103.300,103.500,103.300,103.301,8326
CNGHA,20140203,103.420,103.500,103.420,103.500,2030
CNGHA,20140204,103.360,103.500,103.110,103.280,10039
CNGHA,20140205,103.300,103.500,103.300,103.460,5347
CNGHA,20140206,103.310,103.480,103.310,103.480,8991
CNGHA,20140207,103.480,104.000,103.360,103.400,7271
CNGHA,20140210,103.300,103.850,103.150,103.850,7381
CNGHA,20140211,103.499,103.499,102.500,103.000,15605
CNGHA,20140212,103.000,103.000,102.600,102.620,10804
CNGHA,20140213,102.631,102.810,102.550,102.650,9691
CNGHA,20140214,102.650,102.800,102.650,102.700,6174
CNGHA,20140217,102.700,102.950,102.700,102.950,8699
CNGHA,20140218,102.950,103.000,102.800,102.850,14046
CNGHA,20140219,102.860,103.000,102.850,102.910,10943
CNGHA,20140220,103.000,103.200,102.850,103.000,7686
CNGHA,20140221,103.000,103.500,102.900,103.500,12846
CNGHA,20140224,103.100,103.450,102.780,102.811,21854
CNGHA,20140225,102.850,103.450,102.810,103.300,20425
CNGHA,20140226,103.300,103.430,103.300,103.430,6399
CNGHA,20140227,103.400,103.450,103.300,103.450,15064
CNGHA,20140228,103.390,103.750,103.390,103.450,6596
CNGHA,20140303,103.450,103.650,103.400,103.450,6901
CNGHA,20140304,103.500,103.850,103.380,103.700,6180
CNGHA,20140305,103.700,104.500,103.650,104.499,5436
CNGHA,20140306,103.900,104.370,103.900,104.250,7849
CNGHA,20140307,104.220,104.220,103.850,104.080,11746
CNGHA,20140310,104.080,104.150,103.800,104.000,4162
CNGHA,20140311,104.000,104.050,103.850,104.050,2164
CNGHA,20140312,104.000,104.220,104.000,104.220,3408
CNGHA,20140313,104.150,104.200,103.750,103.970,8060
CNGHA,20140314,103.800,103.800,103.540,103.550,10265
CNGHA,20140317,102.800,103.000,102.300,102.980,9713
CNGHA,20140318,102.980,102.980,102.350,102.450,7120
CNGHA,20140319,102.800,102.800,102.400,102.400,9062
CNGHA,20140320,102.350,102.800,102.200,102.200,12001
CNGHA,20140321,102.150,102.550,102.150,102.500,3509
CNGHA,20140324,102.210,102.400,102.120,102.210,8928
CNGHA,20140325,102.150,102.400,102.150,102.400,4115
CNGHA,20140326,102.350,102.450,102.070,102.450,6739
CNGHA,20140327,102.080,102.450,102.050,102.400,7687
CNGHA,20140328,102.210,102.500,102.210,102.500,6293
CNGHA,20140331,102.400,102.950,102.400,102.600,4780
CNGHA,20140401,102.600,102.700,102.600,102.600,1059
CNGHA,20140402,102.880,102.940,102.600,102.900,27827
CNGHA,20140403,102.890,103.000,102.551,103.000,5781
CNGHA,20140404,102.990,103.000,102.600,102.900,6128
CNGHA,20140407,102.700,102.940,102.700,102.800,1272
CNGHA,20140408,102.730,102.940,102.700,102.800,7879
CNGHA,20140409,102.701,103.100,102.701,103.100,2968
CNGHA,20140410,103.000,103.100,102.960,103.100,4783
CNGHA,20140411,103.200,103.200,103.100,103.200,5863
CNGHA,20140414,102.970,103.000,102.950,103.000,5510
CNGHA,20140415,102.750,103.000,102.700,102.700,2998
CNGHA,20140416,102.900,103.000,102.700,102.700,3039
CNGHA,20140417,102.800,102.950,102.650,102.900,1801
CNGHA,20140422,102.900,102.950,102.750,102.760,7723
CNGHA,20140423,102.900,102.950,102.780,102.950,2145
CNGHA,20140424,102.850,103.000,102.790,102.950,2755
CNGHA,20140428,102.800,102.950,102.790,102.950,3684
CNGHA,20140429,102.900,103.000,102.800,103.000,10810
CNGHA,20140430,102.900,103.500,102.820,103.000,20366
CNGHA,20140501,103.300,103.900,103.300,103.700,4289
CNGHA,20140502,103.300,103.970,103.300,103.500,4987
CNGHA,20140505,103.600,103.600,103.400,103.600,2906
CNGHA,20140506,103.500,103.600,103.400,103.550,2183
CNGHA,20140507,103.410,103.900,103.300,103.900,5572
CNGHA,20140508,103.900,104.003,103.500,103.750,6160
CNGHA,20140509,104.000,104.000,103.060,103.250,6853
CNGHA,20140512,103.300,103.640,103.300,103.550,3598
CNGHA,20140513,103.550,103.550,103.470,103.550,19388
CNGHA,20140514,103.500,103.550,103.400,103.460,5092
CNGHA,20140515,103.650,103.840,103.600,103.840,5396
CNGHA,20140516,103.800,103.950,103.590,103.800,7126
CNGHA,20140519,103.501,103.900,103.500,103.520,8791
CNGHA,20140520,103.799,103.990,103.700,103.800,15468
CNGHA,20140521,103.810,103.990,103.810,103.950,11074
CNGHA,20140522,103.950,104.500,103.860,103.860,21868
CNGHA,20140523,104.000,104.003,103.540,103.540,17101
CNGHA,20140526,103.550,103.850,103.500,103.850,8285
CNGHA,20140527,103.850,104.000,103.600,104.000,4403
CNGHA,20140528,104.000,104.400,103.950,103.950,3094
CNGHA,20140529,103.950,104.040,103.800,103.850,6308
CNGHA,20140530,104.040,104.200,103.550,104.200,4422
CNGHA,20140602,104.190,104.190,103.600,103.780,6841
CNGHA,20140603,103.650,104.980,103.650,104.980,3544
CNGHA,20140604,104.300,104.500,104.050,104.300,4947
CNGHA,20140605,104.150,104.450,103.900,104.390,8608
CNGHA,20140606,103.900,104.400,103.900,104.300,2870
CNGHA,20140610,104.090,104.750,104.010,104.310,6538
CNGHA,20140611,104.000,104.500,103.900,104.500,10725
CNGHA,20140612,104.190,104.500,104.052,104.150,13246
CNGHA,20140613,104.200,104.500,104.160,104.160,5019
CNGHA,20140616,104.400,104.840,104.160,104.200,5632
CNGHA,20140617,104.220,104.840,104.200,104.840,5888
CNGHA,20140618,104.150,104.150,103.000,103.550,21156
CNGHA,20140619,103.550,103.650,103.400,103.500,8368
CNGHA,20140620,103.503,103.750,103.501,103.510,11325
CNGHA,20140623,103.600,104.150,103.160,104.150,14112
CNGHA,20140624,103.800,104.100,103.500,103.890,5018
CNGHA,20140625,104.090,104.090,103.660,103.660,2914
CNGHA,20140626,103.700,104.080,103.650,104.070,7426
CNGHA,20140627,104.070,104.080,104.000,104.050,7081
CNGHA,20140630,104.050,104.250,103.200,103.200,10481
CNGHA,20140701,103.300,104.200,103.300,103.430,5916
CNGHA,20140702,103.750,104.510,103.750,104.440,4239
CNGHA,20140703,104.440,104.450,103.950,104.200,4810
CNGHA,20140704,104.200,104.750,103.950,104.000,19024
CNGHA,20140707,104.000,104.500,104.000,104.480,1754
CNGHA,20140708,104.310,104.310,104.110,104.150,15240
CNGHA,20140709,104.300,104.350,104.200,104.200,13595
CNGHA,20140710,104.450,104.490,104.050,104.210,19900
CNGHA,20140711,104.210,104.300,104.000,104.050,11521
CNGHA,20140714,104.000,104.300,103.550,104.029,9010
CNGHA,20140715,104.049,104.250,103.701,104.250,3357
CNGHA,20140716,104.300,104.450,104.200,104.200,7460
CNGHA,20140717,104.400,104.450,104.300,104.300,8776
CNGHA,20140718,104.300,104.500,104.300,104.490,4064
CNGHA,20140721,104.490,104.750,104.351,104.351,3096
CNGHA,20140722,104.450,104.699,104.200,104.200,13576
CNGHA,20140723,104.250,104.500,104.250,104.400,6564
CNGHA,20140724,104.250,104.400,104.100,104.300,4661
CNGHA,20140725,104.300,104.400,104.250,104.310,10346
CNGHA,20140728,104.310,104.700,104.200,104.200,20439
CNGHA,20140729,104.250,104.450,104.160,104.340,39177
CNGHA,20140730,104.220,104.450,104.220,104.300,44744
CNGHA,20140731,104.300,104.350,104.020,104.100,12370
CNGHA,20140801,104.200,104.300,103.950,104.021,21797
CNGHA,20140804,104.000,104.050,103.880,103.880,7363
CNGHA,20140805,104.050,104.300,103.940,104.300,2847
CNGHA,20140806,104.200,104.300,104.050,104.100,13324
CNGHA,20140807,104.150,104.350,104.120,104.200,10703
CNGHA,20140808,104.170,104.170,103.850,103.850,4982
CNGHA,20140811,104.000,104.103,103.720,104.000,6886
CNGHA,20140812,104.000,104.150,103.850,104.150,9070
CNGHA,20140813,104.200,104.500,104.060,104.300,9600
CNGHA,20140814,104.280,104.450,104.000,104.300,9584
CNGHA,20140815,104.300,104.430,104.200,104.350,11805
CNGHA,20140818,104.350,104.600,104.050,104.450,7241
CNGHA,20140819,104.400,104.700,104.250,104.250,8854
CNGHA,20140820,104.680,104.680,104.250,104.250,5180
CNGHA,20140821,104.400,104.550,104.300,104.300,4055
CNGHA,20140822,104.300,104.300,104.100,104.110,11242
CNGHA,20140825,104.650,104.650,104.110,104.470,4618
CNGHA,20140826,104.200,104.480,104.110,104.170,7086
CNGHA,20140827,104.300,104.470,104.160,104.200,6100
CNGHA,20140828,104.300,104.350,104.010,104.010,6754
CNGHA,20140829,104.011,104.490,104.011,104.150,51333
CNGHA,20140901,104.200,104.450,104.000,104.380,4079
CNGHA,20140902,104.320,104.480,104.170,104.400,7066
CNGHA,20140903,104.390,104.390,104.150,104.390,3978
CNGHA,20140904,104.400,104.400,104.200,104.200,7305
CNGHA,20140905,104.350,104.740,104.300,104.500,10352
CNGHA,20140908,104.250,104.400,104.250,104.300,3821
CNGHA,20140909,104.250,104.400,104.110,104.200,7937
CNGHA,20140910,104.300,104.500,104.200,104.500,4127
CNGHA,20140911,104.200,104.200,104.000,104.150,6335
CNGHA,20140912,104.100,104.150,103.810,103.850,18802
CNGHA,20140915,104.000,104.200,104.000,104.100,15787
CNGHA,20140916,104.100,104.300,104.050,104.100,5353
CNGHA,20140917,103.800,104.200,103.550,104.000,21080
CNGHA,20140918,102.500,102.550,102.200,102.500,16981
CNGHA,20140919,102.500,102.500,102.250,102.450,4924
CNGHA,20140922,102.500,103.000,102.310,102.500,17182
CNGHA,20140923,102.400,102.700,102.150,102.150,6712
CNGHA,20140924,102.000,102.450,101.550,102.000,11534
CNGHA,20140925,101.920,102.500,101.920,102.100,5811
CNGHA,20140926,102.000,102.300,101.021,102.300,11747
CNGHA,20140929,102.000,102.050,101.300,102.000,8383
CNGHA,20140930,101.600,102.400,101.230,102.400,4384
CNGHA,20141001,102.000,102.400,101.950,102.000,4274
CNGHA,20141002,102.320,102.320,101.550,101.950,13680
CNGHA,20141003,102.000,102.470,101.850,101.850,5562
CNGHA,20141006,102.000,102.260,102.000,102.250,1132
CNGHA,20141007,102.450,102.900,102.450,102.500,5142
CNGHA,20141008,102.600,103.120,102.250,103.120,6166
CNGHA,20141009,103.050,103.280,102.450,102.450,5128
CNGHA,20141010,102.450,103.000,102.250,102.500,16561
CNGHA,20141013,102.500,103.250,102.500,103.250,3638
CNGHA,20141014,102.750,103.100,102.720,103.100,2667
CNGHA,20141015,102.900,103.000,102.500,102.730,5143
CNGHA,20141016,102.730,102.730,102.500,102.500,4576
CNGHA,20141017,102.640,103.000,102.250,102.500,5823
CNGHA,20141020,102.500,102.999,102.191,102.700,7193
CNGHA,20141021,102.800,103.280,102.750,102.751,8059
CNGHA,20141022,102.800,103.300,102.651,102.700,5234
CNGHA,20141023,102.949,103.000,102.750,103.000,2573
CNGHA,20141024,102.900,103.300,102.700,102.701,7881
CNGHA,20141027,103.000,103.000,102.750,102.750,6600
CNGHA,20141028,102.850,103.080,102.850,103.000,1820
CNGHA,20141029,102.850,103.050,102.850,102.950,5377
CNGHA,20141030,103.050,103.600,102.800,103.490,4587
CNGHA,20141031,103.489,103.700,103.300,103.700,2696
CNGHA,20141103,103.100,103.700,103.060,103.700,3755
CNGHA,20141104,103.520,103.700,103.231,103.699,2129
CNGHA,20141105,103.699,103.700,103.200,103.580,4530
CNGHA,20141106,103.450,103.500,103.100,103.200,2828
CNGHA,20141107,103.200,103.600,103.000,103.020,7216
CNGHA,20141110,103.100,103.100,103.000,103.000,5374
CNGHA,20141111,103.100,103.600,103.100,103.600,3173
CNGHA,20141112,103.500,104.400,103.500,103.800,5329
CNGHA,20141113,104.000,104.200,103.700,104.000,18849
CNGHA,20141114,104.010,104.010,103.900,103.900,2523
CNGHA,20141117,104.010,104.020,103.700,103.700,5058
CNGHA,20141118,103.700,103.880,103.510,103.510,4114
CNGHA,20141119,103.520,103.700,103.350,103.400,6833
CNGHA,20141120,103.400,103.850,103.400,103.500,3935
CNGHA,20141121,103.500,103.680,103.100,103.170,2903
CNGHA,20141124,103.120,103.850,103.120,103.850,4163
CNGHA,20141125,103.450,103.880,103.400,103.850,4761
CNGHA,20141126,103.900,103.900,103.400,103.600,5689
CNGHA,20141127,103.400,103.880,103.120,103.880,7519
CNGHA,20141128,103.301,103.980,103.301,103.500,5756
CNGHA,20141201,103.899,103.900,103.250,103.250,4244
CNGHA,20141202,103.187,103.250,103.000,103.190,42823
CNGHA,20141203,103.200,103.400,103.200,103.200,6386
CNGHA,20141204,103.200,103.700,103.000,103.310,8213
CNGHA,20141205,103.250,103.750,103.000,103.700,12891
CNGHA,20141208,103.200,103.500,103.000,103.450,6021
CNGHA,20141209,103.000,103.500,102.960,103.400,11972
CNGHA,20141210,103.380,103.750,103.000,103.500,11418
CNGHA,20141211,103.300,103.650,103.250,103.510,7808
CNGHA,20141212,103.510,103.510,103.000,103.200,5491
CNGHA,20141215,103.150,103.650,103.001,103.105,2417
CNGHA,20141216,103.200,103.330,102.770,102.860,7035
CNGHA,20141217,103.000,103.289,102.760,103.200,4967
CNGHA,20141218,103.200,103.599,103.000,103.011,4398
CNGHA,20141219,101.999,102.500,101.700,102.200,6709
CNGHA,20141222,102.450,102.450,102.210,102.300,2919
CNGHA,20141223,102.400,102.490,102.350,102.490,10842
CNGHA,20141224,102.490,103.000,102.490,103.000,3725
CNGHA,20141229,102.751,103.000,102.671,103.000,256
CNGHA,20141230,103.520,103.710,103.000,103.000,1180
CNGHA,20141231,103.000,103.650,102.401,103.100,6533
CNGHA,20150102,102.401,103.100,102.401,103.100,803
CNGHA,20150105,102.760,103.540,102.760,103.200,2971
CNGHA,20150106,103.080,103.220,103.000,103.150,2507
CNGHA,20150107,103.150,103.550,103.150,103.500,1844
CNGHA,20150108,103.540,104.000,103.080,103.080,2267
CNGHA,20150109,103.200,104.000,103.200,103.420,1911
CNGHA,20150112,104.000,104.000,103.451,103.650,11043
CNGHA,20150113,103.600,103.999,103.500,103.999,16407
CNGHA,20150114,103.749,103.800,103.520,103.600,3234
CNGHA,20150115,103.520,103.600,103.520,103.600,2668
CNGHA,20150116,103.600,104.000,103.530,103.530,3374
CNGHA,20150119,103.990,103.990,103.600,103.839,1914
CNGHA,20150120,103.949,103.949,103.590,103.900,5375
CNGHA,20150121,103.900,103.950,103.500,103.799,11655
CNGHA,20150122,103.700,103.700,103.550,103.690,4066
CNGHA,20150123,103.502,103.700,103.501,103.520,3094
CNGHA,20150127,103.700,103.700,103.000,103.450,4109
CNGHA,20150128,103.450,103.800,103.420,103.750,6288
CNGHA,20150129,103.400,103.800,103.100,103.750,19374
CNGHA,20150130,103.550,103.850,103.010,103.800,13347
CNGHA,20150202,103.600,103.800,103.600,103.780,6615
CNGHA,20150203,103.601,103.800,103.601,103.601,12766
CNGHA,20150204,103.600,104.000,103.400,103.610,6387
CNGHA,20150205,103.600,103.900,103.500,103.620,25667
CNGHA,20150206,103.650,103.980,103.510,103.510,26349
CNGHA,20150209,103.500,103.980,103.500,103.980,5889
CNGHA,20150210,103.950,103.950,103.550,103.800,4352
CNGHA,20150211,103.570,103.800,103.550,103.550,4940
CNGHA,20150212,103.610,103.800,103.550,103.550,5042
CNGHA,20150213,103.520,103.780,103.420,103.550,10944
CNGHA,20150216,103.550,103.660,103.550,103.660,4801
CNGHA,20150217,103.660,103.710,103.570,103.600,2195
CNGHA,20150218,103.570,103.580,103.050,103.450,7198
CNGHA,20150219,103.500,103.900,103.300,103.900,10270
CNGHA,20150220,103.800,103.880,103.350,103.500,4418
CNGHA,20150223,103.300,103.350,103.110,103.250,8189
CNGHA,20150224,103.300,103.350,103.110,103.350,7007
CNGHA,20150225,103.350,103.350,103.150,103.350,9300
CNGHA,20150226,103.350,103.350,103.110,103.350,10240
CNGHA,20150227,103.200,103.400,103.000,103.400,6971
CNGHA,20150302,103.210,103.750,103.200,103.650,4532
CNGHA,20150303,103.600,103.600,103.220,103.580,7491
CNGHA,20150304,103.800,103.900,103.450,103.780,14886
CNGHA,20150305,103.700,103.980,103.700,103.850,4608
CNGHA,20150306,103.950,104.000,103.790,103.930,2611
CNGHA,20150309,104.000,104.000,103.780,104.000,2234
CNGHA,20150310,104.000,104.100,103.800,103.800,5539
CNGHA,20150311,104.000,104.000,103.270,103.940,11173
CNGHA,20150312,103.900,103.900,103.500,103.850,4837
CNGHA,20150313,103.600,103.700,103.300,103.500,11870
CNGHA,20150316,103.500,103.800,103.410,103.500,19032
CNGHA,20150317,103.800,103.800,103.300,103.700,19804
CNGHA,20150318,103.400,103.700,103.100,103.350,9527
CNGHA,20150319,102.980,102.980,102.000,102.100,5119
CNGHA,20150320,102.100,102.300,101.870,101.900,15286
CNGHA,20150323,101.990,101.990,101.500,101.980,7725
CNGHA,20150324,101.950,101.950,101.600,101.900,9701
CNGHA,20150325,101.820,101.990,101.820,101.990,4282
CNGHA,20150326,102.000,102.250,101.820,102.250,3480
CNGHA,20150327,102.000,102.350,101.800,102.250,4353
CNGHA,20150330,102.100,102.240,101.850,102.240,8018
CNGHA,20150331,102.200,102.200,102.050,102.190,5263
CNGHA,20150401,102.050,102.400,101.970,102.400,5888
CNGHA,20150402,102.399,102.500,102.180,102.250,4838
CNGHA,20150407,102.500,102.500,102.250,102.400,3876
CNGHA,20150408,102.500,102.500,102.090,102.410,2359
CNGHA,20150409,102.599,102.599,102.100,102.540,4889
CNGHA,20150410,102.540,102.540,102.300,102.540,5080
CNGHA,20150413,102.500,102.540,102.300,102.490,3154
CNGHA,20150414,102.420,102.800,102.400,102.540,2844
CNGHA,20150415,102.550,103.000,102.400,103.000,4790
CNGHA,20150416,102.680,102.900,102.500,102.800,3831
CNGHA,20150417,102.500,102.750,102.500,102.750,4124
CNGHA,20150420,102.500,102.750,102.400,102.699,8581
CNGHA,20150421,102.420,102.880,102.420,102.523,3030
CNGHA,20150422,102.450,102.860,102.450,102.600,5573
CNGHA,20150423,102.650,103.000,102.600,102.760,4342
CNGHA,20150424,103.000,103.080,102.700,103.000,4228
CNGHA,20150427,102.820,103.080,102.760,102.760,2350
CNGHA,20150428,102.800,102.940,102.750,102.940,3131
CNGHA,20150429,102.950,103.950,102.900,103.160,8263
CNGHA,20150430,103.000,103.500,102.950,103.000,8583
CNGHA,20150501,103.000,103.380,102.950,103.300,7467
CNGHA,20150504,103.000,103.420,102.850,103.200,5314
CNGHA,20150505,103.310,103.330,103.150,103.150,4490
CNGHA,20150506,103.060,103.060,102.850,102.850,3959
CNGHA,20150507,102.980,103.000,102.700,102.750,9652
CNGHA,20150508,102.660,103.800,102.660,102.720,4088
CNGHA,20150511,102.730,102.940,102.730,102.900,2352
CNGHA,20150512,102.850,103.071,102.830,103.060,3206
CNGHA,20150513,103.100,103.350,102.820,103.100,4101
CNGHA,20150514,102.850,103.400,102.850,103.200,3378
CNGHA,20150515,103.500,103.500,102.870,102.900,2729
CNGHA,20150518,102.900,103.200,102.830,102.860,2953
CNGHA,20150519,102.850,103.380,102.850,103.000,4572
CNGHA,20150520,102.900,103.100,102.850,103.000,13621
CNGHA,20150521,102.850,103.350,102.850,103.200,2033
CNGHA,20150522,103.100,103.500,102.900,103.200,22026
CNGHA,20150525,102.860,103.350,102.860,103.350,7170
CNGHA,20150526,102.850,103.150,102.850,103.050,3020
CNGHA,20150527,103.100,103.270,102.730,103.000,4893
CNGHA,20150528,103.000,103.000,102.550,102.900,7106
CNGHA,20150529,102.900,103.270,102.900,103.050,22955
CNGHA,20150601,102.900,103.050,102.620,103.050,2312
CNGHA,20150602,102.620,103.180,102.600,103.180,4469
CNGHA,20150603,102.900,103.150,102.900,103.000,6996
CNGHA,20150604,103.080,103.400,102.750,103.400,8787
CNGHA,20150605,102.850,103.300,102.770,103.100,3059
CNGHA,20150609,103.100,103.150,102.720,103.000,7931
CNGHA,20150610,102.560,102.800,102.560,102.560,7719
CNGHA,20150611,102.520,102.789,102.510,102.550,3759
CNGHA,20150612,102.510,102.650,102.300,102.650,18287
CNGHA,20150615,102.400,102.828,102.200,102.300,12103
CNGHA,20150616,102.310,102.400,102.310,102.390,5701
CNGHA,20150617,102.250,102.449,101.950,102.100,16244
CNGHA,20150618,100.700,101.100,100.700,101.100,7044
CNGHA,20150619,101.100,101.200,100.750,100.760,7942
CNGHA,20150622,100.750,101.000,100.650,101.000,3614
CNGHA,20150623,101.000,101.000,100.750,100.760,5505
CNGHA,20150624,100.650,100.880,100.360,100.600,5141
CNGHA,20150625,100.880,100.880,100.250,100.790,6018
CNGHA,20150626,100.350,100.990,100.350,100.990,2265
CNGHA,20150629,100.960,101.500,100.560,100.560,23019
CNGHA,20150630,100.550,101.330,100.550,101.000,19285
CNGHA,20150701,101.000,102.000,100.800,101.000,6322
CNGHA,20150702,101.900,101.900,101.000,101.000,8070
CNGHA,20150703,101.180,102.200,101.180,102.200,3698
CNGHA,20150706,101.041,102.000,101.041,101.500,2800
CNGHA,20150707,101.500,101.640,101.110,101.351,3061
CNGHA,20150708,101.889,101.889,101.401,101.500,2428
CNGHA,20150709,101.450,101.880,101.300,101.880,2983
CNGHA,20150710,101.700,101.750,101.550,101.650,4600
CNGHA,20150713,101.650,101.880,101.600,101.650,8527
CNGHA,20150714,101.700,101.850,101.590,101.600,4498
CNGHA,20150715,101.650,101.849,101.650,101.700,1838
CNGHA,20150716,101.819,101.819,101.650,101.780,6715
CNGHA,20150717,101.800,102.000,101.700,102.000,5211
CNGHA,20150720,102.200,102.850,102.200,102.260,3398
CNGHA,20150721,102.250,102.300,102.051,102.170,3937
CNGHA,20150722,102.170,102.320,102.150,102.150,6597
CNGHA,20150723,102.400,102.600,102.060,102.060,10664
CNGHA,20150724,102.630,102.630,102.040,102.200,4828
CNGHA,20150727,102.200,102.200,101.800,102.000,4802
CNGHA,20150728,101.900,101.900,101.410,101.410,4471
CNGHA,20150729,101.480,102.400,101.410,102.090,12365
CNGHA,20150730,102.000,102.000,101.710,101.900,2718
CNGHA,20150731,101.970,101.990,101.600,101.900,5361
CNGHA,20150803,101.950,101.950,101.630,101.950,4845
CNGHA,20150804,101.900,101.900,101.550,101.550,8691
CNGHA,20150805,101.600,101.850,101.600,101.800,2983
CNGHA,20150806,101.600,101.700,101.500,101.500,11433
CNGHA,20150807,101.500,101.700,101.300,101.700,5988
CNGHA,20150810,101.200,101.700,101.150,101.500,3650
CNGHA,20150811,101.250,101.500,101.150,101.300,6036
CNGHA,20150812,101.350,101.600,101.300,101.451,7661
CNGHA,20150813,101.500,101.700,101.451,101.550,7526
CNGHA,20150814,101.550,101.550,101.400,101.404,9448
CNGHA,20150817,101.330,101.610,101.301,101.610,5397
CNGHA,20150818,101.400,101.620,101.350,101.500,12216
CNGHA,20150819,101.550,101.700,101.500,101.700,21875
CNGHA,20150820,101.550,101.690,101.450,101.600,9773
CNGHA,20150821,101.550,101.580,101.350,101.350,11575
CNGHA,20150824,100.950,101.450,100.700,101.000,18939
CNGHA,20150825,100.550,101.350,100.550,100.751,7575
CNGHA,20150826,100.750,101.700,100.600,101.400,19697
CNGHA,20150827,101.400,101.850,101.310,101.740,12142
CNGHA,20150828,101.740,101.740,101.350,101.600,13116
CNGHA,20150831,101.460,101.910,101.200,101.700,8283
CNGHA,20150901,101.500,101.850,101.450,101.500,8186
CNGHA,20150902,101.600,101.610,101.520,101.600,2028
CNGHA,20150903,101.600,101.790,101.600,101.700,13736
CNGHA,20150904,101.700,101.960,101.610,101.960,5223
CNGHA,20150907,101.660,102.000,101.660,101.900,4327
CNGHA,20150908,101.880,102.200,101.880,102.000,20125
CNGHA,20150909,102.800,102.850,101.700,102.300,13525
CNGHA,20150910,102.300,102.480,101.900,102.300,4009
CNGHA,20150911,101.950,102.300,101.700,101.730,4198
CNGHA,20150914,101.861,102.600,101.861,102.600,1380
CNGHA,20150915,102.600,102.800,102.000,102.200,8872
CNGHA,20150916,102.790,102.790,101.960,101.960,4058
CNGHA,20150917,102.000,102.450,101.800,102.000,6621
CNGHA,20150918,100.610,101.240,100.610,100.751,4660
CNGHA,20150921,100.760,101.000,100.640,100.702,6242
CNGHA,20150922,100.800,101.200,100.650,100.850,11884
CNGHA,20150923,100.900,101.050,100.610,101.000,7588
CNGHA,20150924,100.621,100.990,100.621,100.850,4391
CNGHA,20150925,100.810,100.930,100.600,100.930,8764
CNGHA,20150928,100.850,100.930,100.850,100.850,6360
CNGHA,20150929,100.850,101.700,100.600,101.690,6115
CNGHA,20150930,101.700,101.700,100.830,101.650,5653
CNGHA,20151001,100.950,101.650,100.950,101.111,4023
CNGHA,20151002,101.000,101.250,100.810,100.810,3981
CNGHA,20151005,100.800,101.220,100.800,101.200,2324
CNGHA,20151006,101.200,101.350,100.950,100.950,2315
CNGHA,20151007,101.050,101.510,101.050,101.200,9541
CNGHA,20151008,101.200,101.600,101.150,101.490,3369
CNGHA,20151009,101.020,101.300,101.000,101.050,9103
CNGHA,20151012,101.050,101.500,101.050,101.419,4178
CNGHA,20151013,101.420,101.630,101.250,101.250,13989
CNGHA,20151014,101.449,101.450,101.150,101.450,11127
CNGHA,20151015,101.450,101.900,101.251,101.310,9785
CNGHA,20151016,101.270,101.849,101.270,101.800,12825
CNGHA,20151019,101.750,102.000,101.500,101.750,5994
CNGHA,20151020,101.750,101.900,101.700,101.900,1952
CNGHA,20151021,101.750,101.900,101.750,101.900,1369
CNGHA,20151022,101.900,101.900,101.800,101.900,5115
CNGHA,20151023,101.900,102.500,101.900,102.201,13342
CNGHA,20151026,102.480,102.480,101.480,101.530,5952
CNGHA,20151027,101.320,101.550,101.300,101.400,8369
CNGHA,20151028,101.510,101.800,101.420,101.740,6212
CNGHA,20151029,101.600,101.890,101.600,101.850,3776
CNGHA,20151030,101.600,102.070,101.600,102.070,5628
CNGHA,20151102,101.750,102.000,101.750,101.750,1934
CNGHA,20151103,101.770,102.050,101.770,101.810,1783
CNGHA,20151104,101.905,102.000,101.800,102.000,4110
CNGHA,20151105,101.850,102.100,101.800,102.100,3698
CNGHA,20151106,102.100,102.100,101.720,102.030,1539
CNGHA,20151109,102.000,102.200,101.760,102.200,5266
CNGHA,20151110,102.160,102.300,101.700,102.000,3905
CNGHA,20151111,101.900,102.000,101.771,102.000,13145
CNGHA,20151112,102.000,102.130,101.850,102.100,41547
CNGHA,20151113,102.000,102.450,101.900,102.450,6601
CNGHA,20151116,101.800,102.400,101.790,102.100,6175
CNGHA,20151117,101.900,102.380,101.820,102.380,4709
CNGHA,20151118,101.920,102.100,101.750,101.850,8256
CNGHA,20151119,101.850,101.900,101.580,101.580,5244
CNGHA,20151120,101.530,101.650,101.320,101.401,18418
CNGHA,20151123,101.360,101.790,101.350,101.450,14240
CNGHA,20151124,101.451,101.899,101.451,101.898,8973
CNGHA,20151125,101.899,101.899,101.420,101.442,6000
CNGHA,20151126,101.441,101.900,101.441,101.689,11589
CNGHA,20151127,101.500,101.980,101.490,101.710,6717
CNGHA,20151130,101.690,101.800,101.410,101.480,7881
CNGHA,20151201,101.500,101.790,101.500,101.700,7094
CNGHA,20151202,101.533,101.900,101.500,101.710,6441
CNGHA,20151203,101.600,101.699,101.411,101.430,5541
CNGHA,20151204,101.450,101.898,101.450,101.500,7666
CNGHA,20151207,101.500,101.650,101.430,101.451,4154
CNGHA,20151208,101.451,101.898,101.290,101.500,22053
CNGHA,20151209,101.500,101.750,101.310,101.699,5135
CNGHA,20151210,101.400,101.650,101.200,101.650,12178
CNGHA,20151211,101.500,101.510,101.300,101.300,9819
CNGHA,20151214,101.150,102.000,101.150,101.900,14355
CNGHA,20151215,101.101,101.869,101.101,101.210,12505
CNGHA,20151216,101.251,102.000,101.251,101.900,9886
CNGHA,20151217,101.900,102.200,101.500,101.800,6368
CNGHA,20151218,101.900,102.350,101.800,101.850,3745
CNGHA,20151221,101.780,101.780,100.020,100.900,6743
CNGHA,20151222,100.800,101.010,100.800,100.900,1584
CNGHA,20151223,101.200,101.690,101.051,101.690,5214
CNGHA,20151224,101.680,101.740,101.500,101.740,357
CNGHA,20151229,101.500,101.739,101.051,101.739,1257
CNGHA,20151230,101.500,101.740,101.500,101.740,440
CNGHA,20151231,101.740,101.790,101.740,101.790,600
CNGHA,20160104,101.790,102.370,101.790,102.000,1700
CNGHA,20160105,102.370,102.370,101.500,102.250,1801
CNGHA,20160106,101.750,102.240,101.700,102.240,1892
CNGHA,20160107,102.150,102.280,101.810,102.280,4829
CNGHA,20160108,102.000,102.250,101.500,101.500,2705
CNGHA,20160111,101.500,101.700,101.400,101.700,1924
CNGHA,20160112,101.700,101.800,101.550,101.550,928
CNGHA,20160113,101.550,102.000,101.500,101.850,4206
CNGHA,20160114,101.900,101.999,101.600,101.999,1766
CNGHA,20160115,102.000,102.000,101.750,101.750,1184
CNGHA,20160118,101.750,101.750,100.650,100.650,7843
CNGHA,20160119,100.800,101.000,100.500,100.750,12304
CNGHA,20160120,100.800,100.910,100.660,100.910,2929
CNGHA,20160121,100.950,101.750,100.850,100.850,5367
CNGHA,20160122,100.861,100.900,100.800,100.800,7195
CNGHA,20160125,100.900,102.000,100.860,102.000,4603
CNGHA,20160127,101.990,101.990,101.000,101.000,2190
CNGHA,20160128,101.000,101.100,100.910,101.000,4718
CNGHA,20160129,101.000,101.750,101.000,101.500,8529
CNGHA,20160201,101.101,101.299,100.950,101.000,4925
CNGHA,20160202,101.100,101.100,100.950,101.050,2883
CNGHA,20160203,101.250,101.300,100.960,101.200,1877
CNGHA,20160204,101.225,101.310,101.020,101.200,3229
CNGHA,20160205,101.190,101.250,101.020,101.150,3118
CNGHA,20160208,101.200,101.600,101.160,101.350,3809
CNGHA,20160209,101.500,101.580,101.200,101.200,3634
CNGHA,20160210,101.900,101.940,101.301,101.940,2689
CNGHA,20160211,101.320,101.800,101.150,101.150,11825
CNGHA,20160212,101.150,101.890,100.990,100.990,5535
CNGHA,20160215,101.200,101.700,100.750,101.000,9317
CNGHA,20160216,101.300,101.600,100.750,101.000,6590
CNGHA,20160217,101.001,101.650,101.001,101.050,2023
CNGHA,20160218,101.100,101.600,101.050,101.390,4208
CNGHA,20160219,101.390,101.550,101.101,101.101,1998
CNGHA,20160222,101.102,101.549,101.102,101.250,4025
CNGHA,20160223,101.260,101.600,101.260,101.400,7979
CNGHA,20160224,101.400,101.510,101.200,101.200,1904
CNGHA,20160225,101.400,101.700,101.020,101.020,6048
CNGHA,20160226,101.101,101.450,101.100,101.201,5954
CNGHA,20160229,101.700,101.700,101.210,101.349,2577
CNGHA,20160301,101.230,101.650,101.230,101.550,2157
CNGHA,20160302,101.550,101.690,101.250,101.690,4764
CNGHA,20160303,101.690,101.880,101.450,101.700,6214
CNGHA,20160304,101.710,101.990,101.500,101.990,5156
CNGHA,20160307,101.900,101.900,101.400,101.450,5020
CNGHA,20160308,101.700,102.280,101.700,102.280,13661
CNGHA,20160309,101.800,102.280,101.800,102.000,7281
CNGHA,20160310,101.900,101.950,101.620,101.910,7835
CNGHA,20160311,101.910,102.200,101.750,102.200,2491
CNGHA,20160314,102.200,102.200,101.760,101.800,1999
CNGHA,20160315,102.000,102.300,101.800,102.000,3745
CNGHA,20160316,101.900,102.150,101.760,101.810,9553
CNGHA,20160317,101.900,102.500,101.810,102.450,8317
CNGHA,20160318,102.450,102.700,102.450,102.470,8117
CNGHA,20160321,102.470,102.860,102.200,102.250,6185
CNGHA,20160322,101.750,101.750,101.000,101.000,12155
CNGHA,20160323,101.280,101.280,101.000,101.000,6612
CNGHA,20160324,101.000,101.550,100.950,101.550,6489
CNGHA,20160329,101.600,101.600,101.050,101.600,4556
CNGHA,20160330,101.550,101.550,101.100,101.550,1257
CNGHA,20160331,101.400,101.550,101.300,101.550,3521
CNGHA,20160401,101.400,101.400,101.100,101.110,4243
CNGHA,20160404,101.110,101.399,101.100,101.399,7114
CNGHA,20160405,101.300,101.300,101.150,101.297,1764
CNGHA,20160406,101.300,101.500,101.100,101.470,7411
CNGHA,20160407,101.460,101.500,101.200,101.400,6919
CNGHA,20160408,101.310,101.590,101.300,101.450,6702
CNGHA,20160411,101.450,102.000,101.450,101.650,3377
CNGHA,20160412,101.650,101.800,101.600,101.700,5318
CNGHA,20160413,101.600,101.870,101.550,101.800,4086
CNGHA,20160414,101.700,101.700,101.450,101.600,4190
CNGHA,20160415,101.600,101.750,101.450,101.450,2909
CNGHA,20160418,101.450,101.600,101.100,101.200,13454
CNGHA,20160419,101.200,101.680,101.100,101.420,8101
CNGHA,20160420,101.160,101.420,101.100,101.200,3942
CNGHA,20160421,101.470,101.470,101.140,101.150,4751
CNGHA,20160422,101.200,101.470,101.140,101.420,5613
CNGHA,20160426,101.420,101.440,101.280,101.300,7225
CNGHA,20160427,101.300,101.650,101.300,101.470,7257
CNGHA,20160428,101.400,101.600,101.220,101.300,6054
CNGHA,20160429,101.500,101.500,101.350,101.450,3933
CNGHA,20160502,101.400,101.550,101.400,101.450,2839
CNGHA,20160503,101.500,101.550,101.450,101.450,6071
CNGHA,20160504,101.460,101.550,101.450,101.500,4669
CNGHA,20160505,101.450,101.600,101.450,101.520,27050
CNGHA,20160506,101.550,101.600,101.500,101.550,3217
CNGHA,20160509,101.600,101.600,101.490,101.500,11484
CNGHA,20160510,101.502,101.800,101.460,101.600,15337
CNGHA,20160511,101.600,101.850,101.600,101.700,4868
CNGHA,20160512,101.700,101.900,101.700,101.800,3024
CNGHA,20160513,101.850,101.950,101.570,101.570,5110
CNGHA,20160516,101.890,101.950,101.580,101.900,4156
CNGHA,20160517,101.910,101.950,101.500,101.600,7293
CNGHA,20160518,101.610,101.950,101.450,101.950,20427
CNGHA,20160519,101.500,101.800,101.500,101.800,22704
CNGHA,20160520,101.750,102.000,101.500,102.000,14286
CNGHA,20160523,101.620,101.950,101.600,101.700,1735
CNGHA,20160524,101.651,101.750,101.651,101.700,5714
CNGHA,20160525,101.651,101.700,101.600,101.600,16411
CNGHA,20160526,101.620,101.800,101.620,101.650,12611
CNGHA,20160527,101.700,101.950,101.650,101.950,4786
CNGHA,20160530,101.660,101.950,101.650,101.650,5805
CNGHA,20160531,101.550,101.950,101.450,101.450,6910
CNGHA,20160601,101.450,101.700,101.450,101.700,6832
CNGHA,20160602,101.550,101.750,101.500,101.730,11870
CNGHA,20160603,101.730,101.750,101.600,101.730,7869
CNGHA,20160606,101.670,101.950,101.670,101.950,10831
CNGHA,20160607,101.800,101.950,101.650,101.750,10259
CNGHA,20160608,101.750,101.750,101.650,101.680,4679
CNGHA,20160609,101.710,101.800,101.600,101.710,34416
CNGHA,20160610,101.550,101.780,101.340,101.780,3920
CNGHA,20160614,101.600,101.670,101.350,101.350,7298
CNGHA,20160615,101.380,101.650,101.380,101.410,1496
CNGHA,20160616,101.350,101.490,101.300,101.490,12907
CNGHA,20160617,101.500,101.800,101.201,101.750,3908
CNGHA,20160620,101.800,101.850,101.650,101.650,4812
CNGHA,20160621,100.990,100.990,100.200,100.400,16876
CNGHA,20160622,100.400,100.540,100.300,100.300,9460
CNGHA,20160623,100.350,100.350,100.050,100.050,12313
CNGHA,20160624,100.500,100.700,100.070,100.680,2727
CNGHA,20160627,100.650,100.650,100.000,100.290,17636
CNGHA,20160628,100.290,100.540,100.060,100.300,11517
CNGHA,20160629,100.500,100.680,100.310,100.310,3608
CNGHA,20160630,100.330,101.250,100.330,101.250,13823
CNGHA,20160701,100.900,101.350,100.800,101.300,1507
CNGHA,20160704,101.000,101.400,101.000,101.400,6420
CNGHA,20160705,101.310,101.500,101.000,101.000,7826
CNGHA,20160706,101.240,101.240,101.010,101.010,4126
CNGHA,20160707,101.010,101.200,101.000,101.020,2883
CNGHA,20160708,101.010,101.200,100.900,101.200,4936
CNGHA,20160711,101.200,101.200,101.001,101.200,2989
CNGHA,20160712,101.120,101.250,101.100,101.200,6538
CNGHA,20160713,101.150,101.150,100.800,101.000,5877
CNGHA,20160714,100.850,100.950,100.700,100.700,12499
CNGHA,20160715,100.900,100.900,100.601,100.750,16564
CNGHA,20160718,100.900,101.350,100.900,101.210,4334
CNGHA,20160719,101.270,101.300,101.270,101.300,4639
CNGHA,20160720,101.250,101.380,101.250,101.250,6397
CNGHA,20160721,101.250,101.600,101.230,101.600,2000
CNGHA,20160722,101.450,101.450,101.250,101.250,3817
CNGHA,20160725,101.250,101.450,101.250,101.360,6450
CNGHA,20160726,101.360,102.000,101.350,101.600,10334
CNGHA,20160727,101.600,101.700,101.350,101.460,8729
CNGHA,20160728,101.360,101.510,101.250,101.320,8336
CNGHA,20160729,101.250,101.500,101.250,101.450,29293
CNGHA,20160801,101.300,101.500,101.250,101.250,2236
CNGHA,20160802,101.300,101.500,101.300,101.500,6471
CNGHA,20160803,101.301,101.500,101.301,101.310,2417
CNGHA,20160804,101.500,101.700,101.330,101.700,1165
CNGHA,20160805,101.700,102.000,101.500,101.500,5304
CNGHA,20160808,101.500,101.690,101.320,101.440,3177
CNGHA,20160809,101.440,102.000,101.440,101.790,9165
CNGHA,20160810,101.790,102.850,101.650,101.650,3806
CNGHA,20160811,101.750,101.750,101.400,101.400,4259
CNGHA,20160812,101.400,101.950,101.350,101.890,13018
CNGHA,20160815,101.710,101.950,101.400,101.860,3217
CNGHA,20160816,101.710,101.860,101.510,101.510,7420
CNGHA,20160817,101.890,102.000,101.430,101.430,2760
CNGHA,20160818,101.410,101.800,101.320,101.320,5197
CNGHA,20160819,101.330,101.730,101.320,101.600,2859
CNGHA,20160822,101.600,101.600,101.310,101.380,2825
CNGHA,20160823,101.320,101.400,101.210,101.210,5577
CNGHA,20160824,101.210,101.400,101.210,101.210,3137
CNGHA,20160825,101.200,101.550,101.200,101.550,7499
CNGHA,20160826,101.500,101.800,101.240,101.700,5495
CNGHA,20160829,101.700,101.800,101.240,101.300,3128
CNGHA,20160830,101.300,101.600,101.300,101.450,10008
CNGHA,20160831,101.410,101.410,101.210,101.250,18427
CNGHA,20160901,101.360,101.800,101.260,101.800,2885
CNGHA,20160902,101.790,102.250,101.400,102.250,8557
CNGHA,20160905,101.980,101.980,101.600,101.600,7499
CNGHA,20160906,101.430,102.200,101.430,101.800,3004
CNGHA,20160907,101.740,101.850,101.740,101.800,1473
CNGHA,20160908,101.750,101.900,101.700,101.750,8572
CNGHA,20160909,101.800,101.800,101.600,101.600,3879
CNGHA,20160912,101.600,101.720,101.310,101.500,6095
CNGHA,20160913,101.700,101.750,101.350,101.350,6509
CNGHA,20160914,101.360,101.550,101.350,101.550,5269
CNGHA,20160915,101.500,101.800,101.420,101.800,5873
CNGHA,20160916,101.600,101.750,101.550,101.750,2743
CNGHA,20160919,101.601,101.750,101.600,101.750,6031
CNGHA,20160920,101.650,101.650,101.420,101.510,18934
CNGHA,20160921,100.500,100.580,100.400,100.500,13454
CNGHA,20160922,100.500,100.600,100.460,100.500,17134
CNGHA,20160923,100.480,100.700,100.440,100.500,4756
CNGHA,20160926,100.500,100.500,100.450,100.450,4145
CNGHA,20160927,100.450,100.500,100.400,100.500,3453
CNGHA,20160928,100.600,101.000,100.360,101.000,5503
CNGHA,20160929,101.000,101.000,100.550,100.900,4441
CNGHA,20160930,100.900,101.000,100.550,101.000,7797
CNGHA,20161003,100.800,101.499,100.500,101.250,1799
CNGHA,20161004,100.511,101.000,100.511,100.610,4682
CNGHA,20161005,100.650,100.979,100.380,100.650,10090
CNGHA,20161006,100.650,100.700,100.460,100.650,7131
CNGHA,20161007,100.650,100.650,100.510,100.520,3215
CNGHA,20161010,100.521,100.900,100.520,100.600,3171
CNGHA,20161011,100.580,100.800,100.500,100.630,6139
CNGHA,20161012,100.600,100.990,100.500,100.890,6966
CNGHA,20161013,100.630,100.900,100.620,100.900,4252
CNGHA,20161014,100.900,101.000,100.700,100.700,25803
CNGHA,20161017,100.700,100.950,100.700,100.700,1914
CNGHA,20161018,100.900,101.000,100.600,100.750,2868
CNGHA,20161019,100.730,100.750,100.500,100.730,5698
CNGHA,20161020,101.050,101.050,100.570,100.570,3047
CNGHA,20161021,100.561,100.700,100.560,100.700,2633
CNGHA,20161024,101.000,101.000,100.601,100.799,2850
CNGHA,20161025,100.700,100.800,100.700,100.700,2034
CNGHA,20161026,100.700,101.100,100.700,101.099,4078
CNGHA,20161027,100.842,101.010,100.840,101.010,2946
CNGHA,20161028,100.950,101.020,100.850,100.850,3448
CNGHA,20161031,101.020,101.020,100.750,100.800,6475
CNGHA,20161101,100.880,100.880,100.800,100.800,6131
CNGHA,20161102,101.000,101.000,100.811,100.900,1894
CNGHA,20161103,100.850,101.000,100.800,101.000,8304
CNGHA,20161104,100.950,101.000,100.950,101.000,7972
CNGHA,20161107,101.000,101.000,100.940,100.940,2087
CNGHA,20161108,100.941,101.500,100.941,101.500,16221
CNGHA,20161109,101.490,101.490,100.940,101.000,3498
CNGHA,20161110,101.200,101.200,101.000,101.000,1613
CNGHA,20161111,101.120,101.249,100.940,101.119,17634
CNGHA,20161114,101.000,101.088,100.990,101.080,1728
CNGHA,20161115,101.080,101.400,101.080,101.400,23913
CNGHA,20161116,101.190,101.200,101.180,101.180,2897
CNGHA,20161117,101.260,101.350,101.150,101.150,3658
CNGHA,20161118,101.110,101.350,101.110,101.180,12664
CNGHA,20161121,101.150,101.340,101.150,101.210,3498
CNGHA,20161122,101.170,101.350,101.130,101.170,5692
CNGHA,20161123,101.310,101.310,101.130,101.250,7070
CNGHA,20161124,101.160,101.340,101.160,101.300,7311
CNGHA,20161125,101.150,101.400,101.150,101.300,9576
CNGHA,20161128,101.330,101.450,101.300,101.400,6522
CNGHA,20161129,101.353,101.400,101.300,101.360,6438
CNGHA,20161130,101.300,101.499,101.200,101.350,7875
CNGHA,20161201,101.400,101.470,101.350,101.350,3275
CNGHA,20161202,101.201,101.480,101.201,101.400,42448
CNGHA,20161205,101.400,101.400,101.250,101.270,7450
CNGHA,20161206,101.250,101.300,101.120,101.120,36725
CNGHA,20161207,101.400,101.400,101.120,101.200,7203
CNGHA,20161208,101.130,101.400,101.130,101.250,8086
CNGHA,20161209,101.400,101.400,101.121,101.250,101170
CNGHA,20161212,101.130,101.500,101.130,101.400,10065
CNGHA,20161213,101.350,101.450,101.350,101.350,25414
CNGHA,20161214,101.350,101.500,101.350,101.410,14684
CNGHA,20161215,101.440,101.600,101.410,101.600,8536
CNGHA,20161216,101.410,101.580,101.400,101.580,10464
CNGHA,20161219,101.570,101.570,101.360,101.450,3069
CNGHA,20161220,101.450,101.540,101.350,101.420,6103
CNGHA,20161221,101.400,101.600,101.340,101.500,5590
CNGHA,20161222,101.000,101.000,100.320,100.590,161785
CNGHA,20161223,100.350,100.650,100.300,100.450,3397
CNGHA,20161228,100.510,100.800,100.490,100.500,1865
CNGHA,20161229,100.360,100.500,100.350,100.500,4467
CNGHA,20161230,100.500,100.750,100.400,100.750,3671
CNGHA,20170103,100.350,100.350,100.350,100.350,2713
CNGHA,20170104,100.360,100.680,100.360,100.401,782
CNGHA,20170105,100.410,100.600,100.361,100.361,3345
CNGHA,20170106,100.400,100.700,100.400,100.700,9459
CNGHA,20170109,100.600,100.699,100.600,100.699,2066
CNGHA,20170110,100.610,100.650,100.510,100.520,2365
CNGHA,20170111,100.740,100.850,100.540,100.850,2718
CNGHA,20170112,100.850,100.960,100.770,100.960,1343
CNGHA,20170113,100.650,100.890,100.650,100.790,3669
CNGHA,20170116,100.800,100.800,100.600,100.650,54665
CNGHA,20170117,100.650,100.900,100.450,100.900,16611
CNGHA,20170118,100.850,100.900,100.480,100.480,13217
CNGHA,20170119,100.779,100.790,100.480,100.500,7613
CNGHA,20170120,100.480,100.839,100.460,100.839,15294
CNGHA,20170123,100.840,100.840,100.500,100.840,4323
CNGHA,20170124,100.900,100.900,100.520,100.540,4343
CNGHA,20170125,100.900,100.999,100.700,100.999,5329
CNGHA,20170127,100.700,101.000,100.700,100.700,12734
CNGHA,20170130,101.029,101.100,100.701,101.000,8505
CNGHA,20170131,101.000,101.190,100.800,101.190,31371
CNGHA,20170201,101.190,101.200,100.810,101.180,76913
CNGHA,20170202,101.180,101.200,101.000,101.180,11520
CNGHA,20170203,101.180,101.180,101.000,101.000,9794
CNGHA,20170206,101.000,101.240,100.900,101.000,9430
CNGHA,20170207,100.850,101.210,100.850,101.000,33365
CNGHA,20170208,101.000,101.100,100.840,100.840,14523
CNGHA,20170209,100.810,101.100,100.810,101.000,14585
CNGHA,20170210,101.000,101.150,100.850,100.850,10419
CNGHA,20170213,101.210,101.210,101.000,101.200,11185
CNGHA,20170214,101.205,101.205,101.000,101.000,6678
CNGHA,20170215,101.000,101.050,101.000,101.000,1553
CNGHA,20170216,101.020,101.100,100.890,100.970,4088
CNGHA,20170217,100.850,101.000,100.850,100.900,22686
CNGHA,20170220,100.871,101.205,100.870,100.900,7057
CNGHA,20170221,100.900,101.000,100.871,100.871,6234
CNGHA,20170222,100.871,101.205,100.871,100.881,6049
CNGHA,20170223,101.000,101.000,100.881,100.900,1950
CNGHA,20170224,100.881,100.883,100.881,100.881,2682
CNGHA,20170227,100.890,100.960,100.881,100.950,2744
CNGHA,20170228,100.950,100.950,100.901,100.950,659
CNGHA,20170301,100.901,100.949,100.901,100.902,5050
CNGHA,20170302,100.900,101.205,100.900,101.000,4350
CNGHA,20170303,100.900,101.209,100.820,100.840,2931
CNGHA,20170306,100.840,101.209,100.800,100.831,4178
CNGHA,20170307,100.850,101.000,100.835,101.000,715
CNGHA,20170308,100.999,101.000,100.860,100.860,1135
CNGHA,20170309,100.900,100.900,100.810,100.821,4416
CNGHA,20170310,100.860,101.000,100.830,100.840,4660
CNGHA,20170313,100.840,100.860,100.830,100.833,6543
CNGHA,20170314,101.000,101.000,100.852,100.904,3678
CNGHA,20170315,100.900,100.900,100.650,100.650,5644
CNGHA,20170316,100.800,100.900,100.761,100.900,3564
CNGHA,20170317,100.780,100.877,100.780,100.877,5287
CNGHA,20170320,100.880,101.070,100.850,101.070,4160
CNGHA,20170321,100.900,100.900,100.651,100.850,5427
