CBAPC,20121018,101.610,101.610,101.000,101.400,94731
CBAPC,20121019,101.390,101.390,101.210,101.250,38544
CBAPC,20121022,101.250,101.500,101.211,101.300,48067
CBAPC,20121023,101.300,101.350,101.211,101.300,37081
CBAPC,20121024,101.300,101.450,101.250,101.450,33571
CBAPC,20121025,101.460,101.620,101.400,101.620,21776
CBAPC,20121026,101.660,102.000,101.660,101.850,18212
CBAPC,20121029,101.800,102.020,101.800,102.000,21760
CBAPC,20121030,102.000,102.300,101.950,102.250,20580
CBAPC,20121031,102.250,102.400,102.050,102.400,18925
CBAPC,20121101,102.400,102.600,102.100,102.600,22054
CBAPC,20121102,102.800,102.880,102.200,102.450,23410
CBAPC,20121105,102.480,102.990,102.200,102.950,13830
CBAPC,20121106,102.950,103.000,102.750,103.000,10729
CBAPC,20121107,102.960,103.100,102.800,103.100,10282
CBAPC,20121108,103.050,103.100,102.700,102.700,14539
CBAPC,20121109,102.970,103.099,102.700,103.000,12479
CBAPC,20121112,103.050,103.390,103.000,103.250,32494
CBAPC,20121113,103.350,104.100,103.350,103.850,47767
CBAPC,20121114,103.800,104.000,103.600,103.800,10710
CBAPC,20121115,104.000,104.000,103.830,103.950,9807
CBAPC,20121116,103.950,104.000,103.850,103.990,18553
CBAPC,20121119,103.990,104.000,103.850,103.901,12274
CBAPC,20121120,103.900,104.000,103.851,103.940,15516
CBAPC,20121121,103.950,104.000,103.850,104.000,18286
CBAPC,20121122,103.851,104.100,103.851,103.921,21973
CBAPC,20121123,103.990,104.000,103.800,103.969,15654
CBAPC,20121126,103.980,104.199,103.700,104.099,15330
CBAPC,20121127,104.000,104.199,103.900,104.199,13046
CBAPC,20121128,104.000,104.450,104.000,104.200,11940
CBAPC,20121129,104.490,104.503,103.760,104.000,10428
CBAPC,20121130,104.000,104.080,103.520,103.720,13642
CBAPC,20121203,103.000,103.879,103.000,103.879,11488
CBAPC,20121204,103.870,103.980,103.411,103.500,10272
CBAPC,20121205,103.900,104.000,103.500,103.990,14136
CBAPC,20121206,103.550,104.250,103.550,104.000,16059
CBAPC,20121207,104.099,104.249,104.000,104.000,13054
CBAPC,20121210,104.000,104.070,103.701,104.050,7364
CBAPC,20121211,104.000,104.349,104.000,104.100,11725
CBAPC,20121212,104.100,104.649,103.900,104.550,11105
CBAPC,20121213,104.560,104.649,103.850,104.070,11363
CBAPC,20121214,104.070,104.100,103.560,103.900,9493
CBAPC,20121217,103.800,103.803,103.500,103.500,17979
CBAPC,20121218,103.510,103.700,103.500,103.540,24734
CBAPC,20121219,103.540,104.650,103.500,104.350,13393
CBAPC,20121220,104.000,104.600,104.000,104.153,7570
CBAPC,20121221,104.150,104.250,103.500,103.500,6582
CBAPC,20121224,103.550,103.990,103.550,103.990,3341
CBAPC,20121227,103.980,104.000,103.650,104.000,2624
CBAPC,20121228,104.000,104.250,103.760,103.760,3302
CBAPC,20121231,103.890,104.300,103.890,104.300,3078
CBAPC,20130102,104.200,104.200,104.000,104.200,4237
CBAPC,20130103,104.200,104.500,103.210,103.800,9569
CBAPC,20130104,104.000,104.490,104.000,104.240,2636
CBAPC,20130107,104.250,104.500,104.100,104.450,5625
CBAPC,20130108,104.450,104.500,104.400,104.500,4943
CBAPC,20130109,104.410,104.990,104.111,104.750,9271
CBAPC,20130110,104.750,104.750,104.200,104.600,4153
CBAPC,20130111,104.300,104.600,104.000,104.500,11564
CBAPC,20130114,104.400,104.450,104.300,104.450,15910
CBAPC,20130115,104.450,104.500,104.310,104.450,19270
CBAPC,20130116,104.450,104.650,104.320,104.550,5066
CBAPC,20130117,104.940,104.940,104.300,104.530,5568
CBAPC,20130118,104.400,104.550,104.150,104.200,10177
CBAPC,20130121,104.150,104.900,104.150,104.600,5609
CBAPC,20130122,104.650,104.650,104.050,104.100,11388
CBAPC,20130123,104.060,104.500,104.000,104.450,5612
CBAPC,20130124,104.400,104.400,103.800,104.050,7374
CBAPC,20130125,104.000,104.380,104.000,104.100,11469
CBAPC,20130129,104.100,104.100,103.810,103.860,4755
CBAPC,20130130,103.900,104.150,103.700,103.890,16846
CBAPC,20130131,103.800,103.870,103.700,103.700,8837
CBAPC,20130201,103.750,103.750,103.550,103.680,7694
CBAPC,20130204,103.520,103.850,103.500,103.850,13906
CBAPC,20130205,103.849,103.900,103.500,103.540,10410
CBAPC,20130206,103.500,103.500,103.000,103.160,11233
CBAPC,20130207,103.370,103.800,103.020,103.500,10949
CBAPC,20130208,103.500,103.800,103.300,103.500,10181
CBAPC,20130211,103.500,103.800,103.200,103.600,12320
CBAPC,20130212,103.600,103.900,103.220,103.800,9160
CBAPC,20130213,103.800,103.800,103.400,103.500,27283
CBAPC,20130214,103.500,103.879,103.401,103.500,17129
CBAPC,20130215,103.500,103.740,102.630,103.600,29070
CBAPC,20130218,103.510,103.900,103.250,103.900,11681
CBAPC,20130219,103.900,103.900,103.301,103.520,10072
CBAPC,20130220,103.550,103.700,103.020,103.100,18785
CBAPC,20130221,103.200,103.200,102.900,103.000,17354
CBAPC,20130222,102.860,103.000,102.860,102.950,10298
CBAPC,20130225,103.100,103.600,102.850,103.600,17766
CBAPC,20130226,103.390,103.700,103.030,103.090,16701
CBAPC,20130227,103.150,103.650,103.010,103.500,9228
CBAPC,20130228,103.590,103.630,103.250,103.400,14305
CBAPC,20130301,102.400,102.400,102.000,102.200,15740
CBAPC,20130304,102.200,102.200,101.900,101.901,13075
CBAPC,20130305,102.200,102.490,102.010,102.300,7303
CBAPC,20130306,102.200,102.500,102.200,102.300,13770
CBAPC,20130307,102.300,102.480,102.190,102.300,5397
CBAPC,20130308,102.400,102.690,102.400,102.500,4645
CBAPC,20130311,102.480,102.500,102.300,102.300,7799
CBAPC,20130312,102.300,102.550,102.200,102.350,9668
CBAPC,20130313,102.330,102.400,102.080,102.080,11392
CBAPC,20130314,102.101,102.500,102.080,102.400,12042
CBAPC,20130315,102.400,102.490,102.300,102.350,11697
CBAPC,20130318,102.350,102.500,102.210,102.500,7515
CBAPC,20130319,102.450,102.500,102.250,102.450,35210
CBAPC,20130320,102.450,102.500,102.420,102.450,18863
CBAPC,20130321,102.450,102.550,102.360,102.360,18256
CBAPC,20130322,102.550,102.550,102.230,102.250,11275
CBAPC,20130325,102.500,102.520,102.360,102.500,16664
CBAPC,20130326,102.500,102.550,102.410,102.450,21924
CBAPC,20130327,102.510,102.600,102.460,102.510,28794
CBAPC,20130328,102.650,102.800,102.610,102.610,8467
CBAPC,20130402,102.900,102.979,102.540,102.950,9847
CBAPC,20130403,102.800,103.450,102.800,103.450,9865
CBAPC,20130404,103.400,103.850,103.100,103.730,4505
CBAPC,20130405,103.300,103.900,103.300,103.890,11683
CBAPC,20130408,103.710,103.900,103.700,103.740,11018
CBAPC,20130409,103.710,103.950,103.500,103.710,7454
CBAPC,20130410,103.750,104.000,103.750,103.990,8033
CBAPC,20130411,103.990,103.990,103.690,103.950,8372
CBAPC,20130412,103.900,103.990,103.700,103.990,8004
CBAPC,20130415,104.080,104.290,103.950,104.240,11453
CBAPC,20130416,104.200,104.290,103.700,104.290,8057
CBAPC,20130417,104.250,104.350,104.000,104.300,7070
CBAPC,20130418,104.100,104.400,103.800,103.800,6461
CBAPC,20130419,103.800,104.090,103.800,104.000,6763
CBAPC,20130422,103.900,104.390,103.800,104.289,7467
CBAPC,20130423,104.100,104.500,103.900,104.400,10388
CBAPC,20130424,104.400,104.500,104.000,104.450,8528
CBAPC,20130426,104.450,104.690,104.450,104.450,6677
CBAPC,20130429,104.650,104.900,104.440,104.900,10781
CBAPC,20130430,104.880,105.050,104.500,105.050,5129
CBAPC,20130501,105.050,105.700,105.000,105.200,12473
CBAPC,20130502,105.150,105.150,104.650,104.650,6709
CBAPC,20130503,104.650,105.100,104.650,104.820,8954
CBAPC,20130506,104.900,105.050,104.900,104.980,5099
CBAPC,20130507,104.980,104.990,104.700,104.721,8323
CBAPC,20130508,104.899,105.050,104.750,104.900,6571
CBAPC,20130509,105.000,105.750,104.900,105.750,9429
CBAPC,20130510,105.500,105.750,105.060,105.060,11586
CBAPC,20130513,105.400,106.000,105.300,105.580,7059
CBAPC,20130514,105.579,105.990,105.250,105.270,11880
CBAPC,20130515,104.900,104.970,104.500,104.531,16470
CBAPC,20130516,104.590,104.590,104.300,104.480,12401
CBAPC,20130517,104.500,104.550,104.310,104.350,9639
CBAPC,20130520,104.490,104.750,104.260,104.410,7572
CBAPC,20130521,104.740,105.500,104.510,104.950,10387
CBAPC,20130522,105.000,105.950,105.000,105.689,7795
CBAPC,20130523,105.011,105.740,104.390,104.390,16369
CBAPC,20130524,105.000,105.220,104.750,104.751,8733
CBAPC,20130527,104.750,105.280,104.500,104.601,11016
CBAPC,20130528,104.960,105.550,104.750,105.500,12574
CBAPC,20130529,105.500,105.510,105.100,105.100,10787
CBAPC,20130530,105.640,105.750,104.860,104.860,6272
CBAPC,20130531,105.000,105.750,104.850,105.750,10477
CBAPC,20130603,104.500,104.740,103.250,103.960,12640
CBAPC,20130604,104.000,104.100,103.500,103.900,12192
CBAPC,20130605,104.000,104.450,103.800,103.900,6038
CBAPC,20130606,103.900,104.190,103.570,103.690,12429
CBAPC,20130607,103.750,104.200,103.690,103.700,9343
CBAPC,20130611,103.700,103.700,103.000,103.649,19363
CBAPC,20130612,103.599,103.600,102.020,102.700,15651
CBAPC,20130613,102.590,102.600,102.050,102.600,22114
CBAPC,20130614,102.500,102.729,102.110,102.450,10969
CBAPC,20130617,102.450,102.750,102.070,102.200,42026
CBAPC,20130618,102.200,102.940,102.200,102.849,11914
CBAPC,20130619,102.850,102.990,102.450,102.510,9939
CBAPC,20130620,102.510,103.150,102.470,102.470,10082
CBAPC,20130621,102.600,102.600,101.900,102.500,20223
CBAPC,20130624,102.500,102.800,102.251,102.310,11635
CBAPC,20130625,102.400,102.750,102.221,102.521,10499
CBAPC,20130626,102.750,102.850,102.500,102.603,9654
CBAPC,20130627,102.999,103.000,102.503,102.750,13307
CBAPC,20130628,102.750,103.240,102.750,103.010,27085
CBAPC,20130701,103.050,103.239,103.000,103.000,5157
CBAPC,20130702,102.950,103.599,102.850,103.599,8328
CBAPC,20130703,103.500,103.599,103.201,103.500,4542
CBAPC,20130704,103.580,103.780,103.550,103.630,11051
CBAPC,20130705,104.000,105.000,103.600,104.560,10694
CBAPC,20130708,104.550,104.880,103.820,104.200,8107
CBAPC,20130709,104.190,104.470,103.901,104.470,3434
CBAPC,20130710,104.100,104.480,103.900,103.900,21921
CBAPC,20130711,103.850,104.350,103.730,104.350,8082
CBAPC,20130712,104.300,104.300,103.800,104.000,5876
CBAPC,20130715,103.850,104.000,103.700,104.000,8795
CBAPC,20130716,104.000,104.000,103.610,104.000,5987
CBAPC,20130717,104.000,104.220,103.901,103.901,7314
CBAPC,20130718,103.910,104.350,103.650,104.200,8008
CBAPC,20130719,104.200,104.870,104.150,104.500,12800
CBAPC,20130722,104.800,104.850,104.500,104.850,7550
CBAPC,20130723,104.500,104.840,104.100,104.569,7353
CBAPC,20130724,104.560,104.560,103.810,103.811,9890
CBAPC,20130725,104.000,104.298,103.820,104.100,7885
CBAPC,20130726,104.298,104.850,104.121,104.660,5330
CBAPC,20130729,104.850,104.850,104.350,104.700,5426
CBAPC,20130730,104.500,104.880,104.360,104.360,9536
CBAPC,20130731,104.840,105.000,104.500,104.700,4434
CBAPC,20130801,104.650,105.100,104.600,105.000,9232
CBAPC,20130802,105.000,105.500,105.000,105.000,7691
CBAPC,20130805,104.800,105.490,104.800,105.000,6686
CBAPC,20130806,105.000,105.889,105.000,105.400,6476
CBAPC,20130807,105.250,105.750,105.100,105.451,10876
CBAPC,20130808,105.500,105.790,105.450,105.760,12717
CBAPC,20130809,105.740,106.000,105.050,105.830,15300
CBAPC,20130812,105.600,106.750,105.600,106.000,10611
CBAPC,20130813,106.600,106.750,105.081,105.800,3109
CBAPC,20130814,105.680,106.400,105.430,105.800,4609
CBAPC,20130815,105.900,106.000,105.100,105.100,6600
CBAPC,20130816,105.800,105.800,105.281,105.500,6517
CBAPC,20130819,10501.000,10569.000,10500.100,10505.100,7007
CBAPC,20130820,105.050,105.750,105.000,105.700,4476
CBAPC,20130821,105.650,105.680,105.200,105.250,6577
CBAPC,20130822,105.200,105.300,104.580,105.200,7665
CBAPC,20130823,105.300,105.740,105.000,105.740,8326
CBAPC,20130826,105.700,105.700,105.021,105.140,17625
CBAPC,20130827,105.100,105.470,104.800,105.449,8116
CBAPC,20130828,105.200,105.640,105.002,105.600,11813
CBAPC,20130829,105.600,105.750,105.400,105.400,13140
CBAPC,20130830,105.740,105.750,104.602,105.750,8208
CBAPC,20130902,105.000,105.500,103.950,105.250,16654
CBAPC,20130903,104.990,105.000,104.550,104.702,10877
CBAPC,20130904,104.700,104.990,104.680,104.681,11188
CBAPC,20130905,104.800,104.970,104.660,104.701,9580
CBAPC,20130906,104.850,105.200,104.650,105.000,14865
CBAPC,20130909,104.800,105.000,104.750,105.000,5899
CBAPC,20130910,105.000,105.250,104.850,105.100,11857
CBAPC,20130911,105.100,105.100,104.850,104.900,4468
CBAPC,20130912,104.850,105.250,104.850,105.000,8545
CBAPC,20130913,105.000,105.450,104.990,105.250,6374
CBAPC,20130916,105.250,105.480,105.000,105.190,5815
CBAPC,20130917,105.010,105.500,105.010,105.390,10265
CBAPC,20130918,105.379,105.379,105.000,105.000,5896
CBAPC,20130919,105.000,105.300,104.900,105.000,11786
CBAPC,20130920,105.099,105.110,104.901,105.110,13396
CBAPC,20130923,105.000,105.201,105.000,105.021,17030
CBAPC,20130924,105.199,105.203,105.034,105.199,7326
CBAPC,20130925,105.200,105.600,105.020,105.030,16857
CBAPC,20130926,105.050,105.320,105.000,105.278,18089
CBAPC,20130927,105.071,105.260,105.010,105.200,12061
CBAPC,20130930,105.150,105.250,105.000,105.250,10706
CBAPC,20131001,105.250,105.250,105.000,105.020,9216
CBAPC,20131002,105.000,105.250,105.000,105.230,9737
CBAPC,20131003,105.100,105.300,105.050,105.290,3954
CBAPC,20131004,105.110,105.900,105.110,105.500,6107
CBAPC,20131007,105.500,105.790,105.151,105.151,7068
CBAPC,20131008,105.399,105.500,105.200,105.500,9638
CBAPC,20131009,105.400,106.000,105.400,105.800,6741
CBAPC,20131010,105.610,105.800,105.211,105.789,6796
CBAPC,20131011,105.500,105.700,105.291,105.400,6866
CBAPC,20131014,105.400,105.980,105.300,105.600,11477
CBAPC,20131015,105.600,106.000,105.411,105.411,5645
CBAPC,20131016,105.500,105.680,105.000,105.000,15945
CBAPC,20131017,105.100,105.400,104.120,104.120,11239
CBAPC,20131018,104.440,104.440,103.710,104.380,21414
CBAPC,20131021,104.380,105.000,104.380,105.000,7006
CBAPC,20131022,104.850,105.400,104.750,105.150,11016
CBAPC,20131023,105.150,105.630,104.650,105.630,7750
CBAPC,20131024,105.311,105.600,105.090,105.400,6986
CBAPC,20131025,105.270,105.400,105.000,105.060,11867
CBAPC,20131028,105.150,105.499,105.071,105.139,8941
CBAPC,20131029,105.140,105.500,105.080,105.300,10134
CBAPC,20131030,105.300,105.590,105.090,105.320,11827
CBAPC,20131031,105.350,105.990,105.090,105.990,10429
CBAPC,20131101,105.900,105.950,105.481,105.501,7259
CBAPC,20131104,105.600,106.000,105.521,105.521,8998
CBAPC,20131105,105.551,106.000,105.500,105.699,6164
CBAPC,20131106,105.700,105.880,105.500,105.551,8910
CBAPC,20131107,105.700,105.790,105.500,105.600,12067
CBAPC,20131108,105.600,105.840,105.290,105.300,9073
CBAPC,20131111,105.350,105.850,105.250,105.500,7397
CBAPC,20131112,105.500,105.500,104.650,105.000,30351
CBAPC,20131113,104.950,105.000,104.400,104.650,12798
CBAPC,20131114,104.700,104.750,104.000,104.000,13755
CBAPC,20131115,104.200,104.479,104.010,104.190,9067
CBAPC,20131118,104.051,104.369,103.711,104.000,17560
CBAPC,20131119,104.001,104.390,104.000,104.201,7085
CBAPC,20131120,104.250,104.400,104.100,104.400,4542
CBAPC,20131121,104.030,104.200,103.900,104.100,6450
CBAPC,20131122,104.000,104.180,103.800,103.801,12443
CBAPC,20131125,104.000,104.100,103.650,103.990,18489
CBAPC,20131126,104.000,104.300,103.800,104.000,14987
CBAPC,20131127,103.900,104.000,103.800,104.000,6868
CBAPC,20131128,103.989,104.390,103.820,104.350,14335
CBAPC,20131129,104.390,104.600,104.200,104.320,13207
CBAPC,20131202,103.450,104.000,103.000,104.000,24670
CBAPC,20131203,103.800,104.200,103.561,104.000,14078
CBAPC,20131204,104.050,104.680,104.000,104.600,10873
CBAPC,20131205,104.500,104.670,104.000,104.150,8407
CBAPC,20131206,104.350,104.350,104.150,104.200,8602
CBAPC,20131209,104.210,104.350,104.150,104.300,12893
CBAPC,20131210,104.340,104.600,104.101,104.600,12255
CBAPC,20131211,104.590,104.600,104.110,104.300,9370
CBAPC,20131212,104.300,104.900,104.300,104.900,10310
CBAPC,20131213,104.300,105.000,104.300,104.540,6458
CBAPC,20131216,104.799,104.850,104.330,104.330,10084
CBAPC,20131217,104.300,104.403,103.000,103.959,29338
CBAPC,20131218,103.499,103.799,103.151,103.261,87221
CBAPC,20131219,103.499,103.499,102.810,103.400,23673
CBAPC,20131220,103.400,103.650,103.400,103.650,28374
CBAPC,20131223,103.580,103.950,103.420,103.510,6013
CBAPC,20131224,103.510,104.990,103.500,104.890,4989
CBAPC,20131227,104.500,104.900,104.500,104.500,2714
CBAPC,20131230,104.500,104.500,104.161,104.500,1920
CBAPC,20131231,104.500,104.990,104.500,104.510,3178
CBAPC,20140102,104.250,105.000,104.250,104.550,4753
CBAPC,20140103,105.188,105.250,104.671,105.080,3502
CBAPC,20140106,105.080,105.700,104.790,105.031,5253
CBAPC,20140107,105.030,105.498,105.030,105.152,3515
CBAPC,20140108,105.300,105.750,105.280,105.311,6009
CBAPC,20140109,105.300,105.499,105.181,105.250,2615
CBAPC,20140110,105.250,105.340,104.510,105.340,8997
CBAPC,20140113,105.250,105.800,105.060,105.800,4377
CBAPC,20140114,105.650,105.900,105.361,105.900,5067
CBAPC,20140115,105.402,105.850,105.402,105.700,8140
CBAPC,20140116,105.500,105.600,105.200,105.600,5637
CBAPC,20140117,105.170,105.750,105.170,105.740,8014
CBAPC,20140120,105.700,105.750,105.501,105.611,4888
CBAPC,20140121,105.500,105.700,105.000,105.500,7076
CBAPC,20140122,105.060,105.630,105.060,105.630,6076
CBAPC,20140123,105.500,105.890,105.350,105.360,6310
CBAPC,20140124,105.360,105.750,105.360,105.450,4207
CBAPC,20140128,105.500,105.750,105.400,105.480,6798
CBAPC,20140129,105.400,105.629,105.300,105.610,8361
CBAPC,20140130,105.650,105.750,105.300,105.300,15871
CBAPC,20140131,105.320,105.320,104.550,105.159,13692
CBAPC,20140203,105.159,105.159,104.580,104.700,12250
CBAPC,20140204,104.600,104.700,104.490,104.490,19653
CBAPC,20140205,104.600,104.600,104.250,104.500,12266
CBAPC,20140206,104.200,104.550,104.150,104.400,10321
CBAPC,20140207,104.052,104.550,104.000,104.500,12630
CBAPC,20140210,104.300,104.550,104.300,104.500,2782
CBAPC,20140211,104.500,104.590,104.010,104.214,6460
CBAPC,20140212,104.310,104.500,104.200,104.300,8145
CBAPC,20140213,104.500,104.500,104.130,104.130,6079
CBAPC,20140214,104.100,104.480,104.100,104.480,4483
CBAPC,20140217,104.500,104.600,104.350,104.350,9364
CBAPC,20140218,104.400,104.500,104.200,104.221,4097
CBAPC,20140219,104.220,104.400,104.210,104.350,8567
CBAPC,20140220,104.200,104.350,104.130,104.200,34823
CBAPC,20140221,104.150,104.350,104.100,104.200,27738
CBAPC,20140224,104.200,104.250,104.170,104.200,11820
CBAPC,20140225,104.200,104.399,104.180,104.180,18558
CBAPC,20140226,104.200,104.300,104.170,104.200,32557
CBAPC,20140227,104.200,104.600,104.180,104.300,15298
CBAPC,20140228,104.300,104.600,104.230,104.400,15032
CBAPC,20140303,103.500,103.800,103.350,103.350,17916
CBAPC,20140304,103.360,103.500,103.100,103.460,17214
CBAPC,20140305,103.300,103.450,103.300,103.370,16495
CBAPC,20140306,103.400,103.600,103.310,103.500,14246
CBAPC,20140307,103.500,103.980,103.420,103.450,10944
CBAPC,20140310,103.500,103.700,103.480,103.500,8772
CBAPC,20140311,103.500,103.600,103.400,103.500,12843
CBAPC,20140312,103.500,103.790,103.250,103.500,15652
CBAPC,20140313,103.500,103.960,103.420,103.800,16324
CBAPC,20140314,103.500,103.800,103.420,103.500,19012
CBAPC,20140317,103.500,103.930,103.410,103.430,14423
CBAPC,20140318,103.500,103.800,103.420,103.650,13117
CBAPC,20140319,103.790,104.000,103.570,103.980,11722
CBAPC,20140320,103.900,104.000,103.570,103.980,14205
CBAPC,20140321,104.000,104.010,103.750,103.980,12435
CBAPC,20140324,103.950,104.000,103.900,103.900,9771
CBAPC,20140325,103.900,104.100,103.601,103.870,14170
CBAPC,20140326,103.800,104.000,103.800,103.950,11460
CBAPC,20140327,103.870,104.080,103.870,103.880,12511
CBAPC,20140328,104.000,104.000,103.800,103.900,10666
CBAPC,20140331,103.900,104.010,103.700,103.700,13229
CBAPC,20140401,103.701,104.250,103.550,104.000,23192
CBAPC,20140402,104.000,104.070,103.870,103.870,21601
CBAPC,20140403,103.860,104.070,103.860,104.000,12144
CBAPC,20140404,103.880,104.090,103.880,104.000,9243
CBAPC,20140407,104.000,104.250,103.950,104.000,16588
CBAPC,20140408,103.930,104.000,103.900,103.900,10250
CBAPC,20140409,104.000,104.250,103.950,104.000,11419
CBAPC,20140410,104.020,104.350,103.930,104.100,17863
CBAPC,20140411,104.300,104.440,104.103,104.120,14548
CBAPC,20140414,104.230,104.400,104.030,104.200,4978
CBAPC,20140415,104.400,104.440,104.180,104.190,12176
CBAPC,20140416,104.190,104.450,104.150,104.400,13413
CBAPC,20140417,104.400,104.450,104.210,104.400,11869
CBAPC,20140422,104.300,104.500,104.250,104.400,12363
CBAPC,20140423,104.400,104.500,104.260,104.400,10499
CBAPC,20140424,104.400,104.500,104.200,104.200,12462
CBAPC,20140428,104.230,104.500,104.230,104.230,13732
CBAPC,20140429,104.230,104.400,104.100,104.210,14371
CBAPC,20140430,104.400,104.500,104.210,104.450,10644
CBAPC,20140501,104.400,104.480,104.280,104.350,10833
CBAPC,20140502,104.310,104.500,104.310,104.350,17545
CBAPC,20140505,104.310,104.700,104.300,104.500,14442
CBAPC,20140506,104.500,104.730,104.400,104.700,15001
CBAPC,20140507,104.600,104.730,104.420,104.610,15276
CBAPC,20140508,104.450,104.800,104.450,104.700,11040
CBAPC,20140509,104.500,104.750,104.430,104.650,10759
CBAPC,20140512,104.600,104.850,104.550,104.600,11305
CBAPC,20140513,104.600,104.600,104.420,104.600,15045
CBAPC,20140514,104.420,104.880,104.370,104.550,15496
CBAPC,20140515,104.550,104.699,104.420,104.420,14256
CBAPC,20140516,104.400,104.500,104.400,104.500,10947
CBAPC,20140519,104.500,104.750,104.460,104.750,16946
CBAPC,20140520,104.800,104.800,104.520,104.750,20177
CBAPC,20140521,104.750,104.800,104.470,104.600,20541
CBAPC,20140522,104.510,104.750,104.510,104.750,17639
CBAPC,20140523,104.700,104.980,104.700,104.950,19065
CBAPC,20140526,104.950,105.500,104.950,105.200,12107
CBAPC,20140527,105.300,105.470,105.090,105.320,8345
CBAPC,20140528,105.320,105.360,105.150,105.300,16436
CBAPC,20140529,105.290,105.600,105.250,105.450,11733
CBAPC,20140530,105.450,105.830,105.400,105.600,8699
CBAPC,20140602,105.590,105.930,105.500,105.890,14137
CBAPC,20140603,105.890,105.950,105.700,105.740,11527
CBAPC,20140604,104.500,105.100,104.500,105.090,18112
CBAPC,20140605,105.001,105.350,104.820,105.200,7401
CBAPC,20140606,105.350,105.400,104.710,105.000,5768
CBAPC,20140610,104.700,105.400,104.650,105.400,11380
CBAPC,20140611,105.400,105.950,105.250,105.650,15699
CBAPC,20140612,105.650,106.100,105.620,106.000,12221
CBAPC,20140613,106.040,106.200,105.660,105.660,10595
CBAPC,20140616,105.660,106.030,105.650,105.750,9700
CBAPC,20140617,106.000,106.200,105.660,106.080,13319
CBAPC,20140618,106.080,106.280,105.500,105.510,16911
CBAPC,20140619,106.200,106.200,105.510,105.510,11710
CBAPC,20140620,106.149,106.190,105.601,106.140,12886
CBAPC,20140623,106.180,106.200,105.950,105.980,8028
CBAPC,20140624,106.000,106.150,105.600,105.890,8324
CBAPC,20140625,106.130,106.180,105.900,105.950,7675
CBAPC,20140626,105.920,106.180,105.700,105.970,6821
CBAPC,20140627,106.140,106.290,105.950,106.010,5251
CBAPC,20140630,106.290,106.790,105.950,105.950,10809
CBAPC,20140701,105.950,106.380,105.550,106.000,15762
CBAPC,20140702,106.100,106.100,105.730,105.950,11390
CBAPC,20140703,106.000,106.240,105.560,105.900,7417
CBAPC,20140704,106.000,106.500,105.601,106.300,11123
CBAPC,20140707,106.300,106.600,106.000,106.000,7256
CBAPC,20140708,106.300,106.990,106.300,106.390,19620
CBAPC,20140709,106.600,106.800,106.000,106.000,8582
CBAPC,20140710,106.000,106.500,106.000,106.050,5113
CBAPC,20140711,106.050,106.450,106.020,106.030,8312
CBAPC,20140714,106.100,106.950,106.100,106.950,8311
CBAPC,20140715,106.350,106.900,106.310,106.510,8997
CBAPC,20140716,106.500,106.940,106.450,106.771,12519
CBAPC,20140717,106.900,106.950,106.400,106.590,12330
CBAPC,20140718,106.500,106.590,106.220,106.300,6470
CBAPC,20140721,106.550,106.900,106.250,106.900,8089
CBAPC,20140722,106.600,106.950,106.550,106.650,15923
CBAPC,20140723,106.950,106.950,106.450,106.940,13472
CBAPC,20140724,106.900,106.980,106.700,106.800,13161
CBAPC,20140725,106.940,107.350,106.800,106.960,14110
CBAPC,20140728,106.900,107.400,106.650,107.000,6652
CBAPC,20140729,107.100,107.340,106.610,107.080,6017
CBAPC,20140730,106.660,107.380,106.500,106.500,8841
CBAPC,20140731,106.450,106.930,106.450,106.600,8633
CBAPC,20140801,106.500,106.670,106.300,106.600,11697
CBAPC,20140804,106.500,106.860,106.100,106.450,6616
CBAPC,20140805,106.360,107.070,106.360,106.920,6391
CBAPC,20140806,107.000,107.200,106.800,107.200,10469
CBAPC,20140807,107.000,107.190,106.700,106.700,11812
CBAPC,20140808,107.000,107.080,106.370,106.370,12498
CBAPC,20140811,106.300,106.490,106.110,106.200,31599
CBAPC,20140812,106.200,106.360,106.000,106.120,13225
CBAPC,20140813,106.000,106.670,105.950,106.231,15596
CBAPC,20140814,106.150,106.850,106.120,106.550,8861
CBAPC,20140815,106.550,107.200,106.160,106.160,15256
CBAPC,20140818,106.170,106.729,106.021,106.141,11633
CBAPC,20140819,106.140,106.500,106.050,106.100,13264
CBAPC,20140820,106.110,106.300,105.750,105.750,11674
CBAPC,20140821,105.900,106.000,105.620,105.800,11357
CBAPC,20140822,105.800,105.900,105.250,105.800,14040
CBAPC,20140825,105.500,106.000,105.350,106.000,13817
CBAPC,20140826,105.999,106.200,105.620,105.900,14310
CBAPC,20140827,105.700,105.750,105.620,105.750,9062
CBAPC,20140828,105.750,106.000,105.000,105.200,14127
CBAPC,20140829,105.400,105.750,105.150,105.750,13468
CBAPC,20140901,105.560,105.750,105.410,105.750,5944
CBAPC,20140902,105.310,105.750,105.310,105.750,18989
CBAPC,20140903,104.590,105.000,104.200,104.530,20766
CBAPC,20140904,104.520,104.700,104.100,104.150,27543
CBAPC,20140905,104.400,104.450,104.000,104.040,12619
CBAPC,20140908,104.000,104.420,103.650,104.000,24680
CBAPC,20140909,104.100,104.450,103.950,104.000,17914
CBAPC,20140910,104.100,104.470,103.960,104.200,20425
CBAPC,20140911,104.150,104.200,103.900,103.990,18623
CBAPC,20140912,104.000,104.300,103.660,104.010,28780
CBAPC,20140915,104.130,104.130,103.700,103.790,16052
CBAPC,20140916,103.680,104.020,103.530,103.600,17713
CBAPC,20140917,103.510,103.850,103.200,103.200,12270
CBAPC,20140918,103.200,103.660,103.200,103.250,28163
CBAPC,20140919,103.500,103.500,102.900,103.300,10387
CBAPC,20140922,103.300,103.390,102.300,102.300,31115
CBAPC,20140923,102.300,102.500,102.000,102.000,27020
CBAPC,20140924,102.100,102.390,101.900,102.000,45589
CBAPC,20140925,102.000,102.500,101.997,102.250,14915
CBAPC,20140926,102.250,102.250,101.200,101.570,23573
CBAPC,20140929,101.500,101.500,100.000,100.060,30240
CBAPC,20140930,100.020,100.880,100.000,100.400,54023
CBAPC,20141001,100.350,101.400,100.350,101.150,20483
CBAPC,20141002,101.150,101.740,101.100,101.740,17486
CBAPC,20141003,101.750,102.390,101.750,102.120,12990
CBAPC,20141006,102.100,102.250,102.100,102.250,6207
CBAPC,20141007,102.250,102.500,102.150,102.500,11274
CBAPC,20141008,102.420,102.850,102.320,102.400,11197
CBAPC,20141009,102.400,102.600,102.250,102.300,10859
CBAPC,20141010,102.150,102.890,102.000,102.890,15284
CBAPC,20141013,102.500,102.500,102.080,102.250,15730
CBAPC,20141014,102.250,102.490,102.080,102.120,13743
CBAPC,20141015,102.130,102.790,102.000,102.120,45176
CBAPC,20141016,102.200,102.250,100.900,101.500,18156
CBAPC,20141017,101.350,101.850,101.050,101.490,14667
CBAPC,20141020,101.501,102.100,101.100,101.600,17513
CBAPC,20141021,101.600,102.050,101.600,101.800,12649
CBAPC,20141022,101.800,102.350,101.800,102.050,10572
CBAPC,20141023,102.050,102.350,102.050,102.230,8249
CBAPC,20141024,102.100,102.360,102.000,102.360,18771
CBAPC,20141027,102.380,102.790,102.300,102.300,9718
CBAPC,20141028,102.400,102.700,102.360,102.360,8586
CBAPC,20141029,102.600,102.690,102.360,102.500,11276
CBAPC,20141030,102.500,102.500,102.250,102.250,8036
CBAPC,20141031,102.200,102.940,102.110,102.660,8455
CBAPC,20141103,102.660,103.100,102.600,102.620,17336
CBAPC,20141104,102.620,103.050,102.620,102.650,12570
CBAPC,20141105,102.600,103.040,102.600,102.750,18653
CBAPC,20141106,102.850,103.200,102.800,103.010,10983
CBAPC,20141107,103.050,103.500,103.050,103.400,11298
CBAPC,20141110,103.400,103.650,103.250,103.450,12634
CBAPC,20141111,103.300,103.450,103.220,103.220,10266
CBAPC,20141112,103.200,103.450,103.030,103.130,11120
CBAPC,20141113,103.200,103.400,103.150,103.190,24537
CBAPC,20141114,103.250,103.350,103.100,103.110,11166
CBAPC,20141117,103.120,103.190,103.080,103.110,6354
CBAPC,20141118,103.000,103.450,103.000,103.200,22517
CBAPC,20141119,103.200,103.249,103.060,103.100,29321
CBAPC,20141120,103.100,103.450,103.000,103.020,9840
CBAPC,20141121,103.150,103.300,102.800,102.900,14160
CBAPC,20141124,102.900,103.400,102.720,102.820,9877
CBAPC,20141125,102.830,103.400,102.830,102.910,6730
CBAPC,20141126,103.000,103.490,102.870,103.490,5605
CBAPC,20141127,103.450,103.490,103.000,103.450,9358
CBAPC,20141128,103.450,103.450,102.950,103.200,15486
CBAPC,20141201,103.200,103.300,102.610,103.080,19781
CBAPC,20141202,102.950,103.100,102.640,102.800,16232
CBAPC,20141203,101.349,101.540,101.000,101.000,31467
CBAPC,20141204,101.101,101.420,101.050,101.210,24658
CBAPC,20141205,101.210,101.750,101.200,101.500,17666
CBAPC,20141208,101.500,102.000,101.430,101.550,11595
CBAPC,20141209,101.800,102.200,101.601,101.850,13614
CBAPC,20141210,101.900,102.100,101.480,101.500,11579
CBAPC,20141211,101.799,102.100,101.430,101.800,14630
CBAPC,20141212,101.800,102.100,101.700,101.750,7878
CBAPC,20141215,101.710,101.870,101.430,101.800,13500
CBAPC,20141216,101.700,102.150,101.470,101.800,17878
CBAPC,20141217,101.800,102.150,101.800,101.800,13069
CBAPC,20141218,102.050,102.050,101.800,102.050,7518
CBAPC,20141219,102.100,102.300,101.950,102.200,14267
CBAPC,20141222,102.200,102.700,102.100,102.700,12973
CBAPC,20141223,102.800,103.180,102.500,102.890,9278
CBAPC,20141224,102.850,102.860,102.350,102.400,6424
CBAPC,20141229,102.220,102.750,102.220,102.350,5965
CBAPC,20141230,102.499,102.700,102.449,102.700,4341
CBAPC,20141231,102.521,103.500,102.521,103.400,4658
CBAPC,20150102,103.390,103.400,103.010,103.400,4061
CBAPC,20150105,103.400,103.460,103.000,103.460,4118
CBAPC,20150106,103.400,103.490,103.020,103.490,4032
CBAPC,20150107,103.480,103.490,103.060,103.101,5077
CBAPC,20150108,103.100,103.400,103.100,103.390,4248
CBAPC,20150109,103.160,103.400,103.050,103.390,4575
CBAPC,20150112,103.399,103.400,103.050,103.150,7906
CBAPC,20150113,103.100,103.230,102.960,102.960,8313
CBAPC,20150114,103.080,103.100,102.630,102.900,25802
CBAPC,20150115,103.000,103.040,102.740,102.740,10023
CBAPC,20150116,102.850,103.060,102.740,102.831,7527
CBAPC,20150119,102.850,103.460,102.850,103.360,11472
CBAPC,20150120,103.300,103.300,102.760,103.000,8145
CBAPC,20150121,103.000,103.250,102.820,102.820,5373
CBAPC,20150122,102.850,102.850,102.400,102.500,13845
CBAPC,20150123,102.500,102.900,102.310,102.310,11106
CBAPC,20150127,102.310,102.450,101.580,101.580,11017
CBAPC,20150128,101.440,101.560,101.110,101.350,18453
CBAPC,20150129,101.520,101.950,101.460,101.919,9378
CBAPC,20150130,101.560,102.340,101.560,102.340,9562
CBAPC,20150202,102.340,102.350,101.860,102.200,9943
CBAPC,20150203,102.250,102.500,102.250,102.500,8579
CBAPC,20150204,102.500,102.730,102.250,102.400,9400
CBAPC,20150205,102.400,102.400,102.150,102.200,8835
CBAPC,20150206,102.160,102.200,102.020,102.200,10732
CBAPC,20150209,102.200,102.740,102.090,102.690,16191
CBAPC,20150210,102.500,102.800,102.400,102.800,12629
CBAPC,20150211,102.700,103.000,102.500,102.950,11092
CBAPC,20150212,102.900,103.000,102.800,102.830,8996
CBAPC,20150213,102.850,103.000,102.830,102.830,17714
CBAPC,20150216,102.880,103.150,102.880,103.150,7592
CBAPC,20150217,103.150,103.650,103.010,103.100,9934
CBAPC,20150218,103.500,103.500,102.900,102.950,13781
CBAPC,20150219,102.900,103.500,102.900,102.950,29260
CBAPC,20150220,102.950,103.300,102.950,103.000,10041
CBAPC,20150223,103.200,103.390,103.000,103.000,8440
CBAPC,20150224,103.000,103.400,102.930,103.400,8358
CBAPC,20150225,103.400,103.500,103.220,103.250,9842
CBAPC,20150226,103.200,103.550,103.200,103.370,12567
CBAPC,20150227,103.370,103.890,103.280,103.280,14320
CBAPC,20150302,103.550,103.790,103.220,103.500,10374
CBAPC,20150303,103.600,103.730,103.200,103.200,12522
CBAPC,20150304,102.060,102.900,102.060,102.490,26596
CBAPC,20150305,102.500,102.777,102.500,102.750,15186
CBAPC,20150306,102.700,102.810,102.210,102.750,10021
CBAPC,20150309,102.750,102.750,102.250,102.590,10694
CBAPC,20150310,102.500,102.750,102.300,102.750,15570
CBAPC,20150311,102.800,102.990,102.330,102.330,17661
CBAPC,20150312,102.810,102.820,102.330,102.750,7560
CBAPC,20150313,102.750,103.000,102.220,103.000,17299
CBAPC,20150316,102.600,102.850,102.450,102.450,16927
CBAPC,20150317,102.400,102.650,102.210,102.210,13178
CBAPC,20150318,102.230,102.559,102.210,102.211,8726
CBAPC,20150319,102.300,102.480,102.180,102.180,15545
CBAPC,20150320,102.200,102.650,102.121,102.360,10532
CBAPC,20150323,102.380,102.590,102.300,102.300,16821
CBAPC,20150324,102.280,102.580,102.260,102.490,14166
CBAPC,20150325,102.550,102.750,102.250,102.750,9814
CBAPC,20150326,102.600,102.950,102.600,102.900,10261
CBAPC,20150327,102.800,102.890,102.330,102.330,8584
CBAPC,20150330,102.800,102.800,102.381,102.530,9560
CBAPC,20150331,102.680,103.100,102.680,102.700,8361
CBAPC,20150401,102.960,103.000,102.580,102.590,5520
CBAPC,20150402,102.610,103.100,102.610,103.100,9131
CBAPC,20150407,103.100,103.350,102.710,103.000,14772
CBAPC,20150408,103.000,104.940,103.000,103.950,13945
CBAPC,20150409,103.900,104.480,103.900,103.950,19957
CBAPC,20150410,103.980,104.000,103.350,103.850,16289
CBAPC,20150413,103.310,103.487,103.150,103.160,11934
CBAPC,20150414,103.200,103.360,103.020,103.020,9886
CBAPC,20150415,103.020,103.200,102.760,102.900,14200
CBAPC,20150416,102.900,103.050,102.770,102.800,10789
CBAPC,20150417,102.900,103.300,102.860,102.950,6664
CBAPC,20150420,102.870,103.440,102.820,102.860,11389
CBAPC,20150421,102.940,103.350,102.810,103.290,9044
CBAPC,20150422,102.950,103.320,102.900,103.320,8659
CBAPC,20150423,103.320,103.450,102.950,102.950,10087
CBAPC,20150424,103.100,103.300,102.950,103.100,11381
CBAPC,20150427,103.290,103.300,102.980,103.290,13636
CBAPC,20150428,103.020,103.610,102.960,103.380,12296
CBAPC,20150429,103.380,103.720,103.380,103.450,12486
CBAPC,20150430,103.740,103.740,103.060,103.080,10780
CBAPC,20150501,103.069,103.080,102.800,103.000,13469
CBAPC,20150504,103.000,103.480,102.810,102.810,25773
CBAPC,20150505,103.000,103.500,103.000,103.420,14449
CBAPC,20150506,103.420,103.420,102.850,103.100,19934
CBAPC,20150507,103.100,103.400,102.850,103.400,17215
CBAPC,20150508,103.390,104.500,103.390,104.160,11296
CBAPC,20150511,104.160,104.300,103.610,104.000,13473
CBAPC,20150512,104.000,104.000,103.600,103.600,10885
CBAPC,20150513,103.620,103.860,103.010,103.100,10204
CBAPC,20150514,103.100,103.299,103.000,103.010,15092
CBAPC,20150515,103.010,103.100,102.950,102.950,12641
CBAPC,20150518,102.950,103.380,102.860,103.380,12545
CBAPC,20150519,103.050,103.100,102.880,102.990,11000
CBAPC,20150520,102.950,103.320,102.860,102.920,11415
CBAPC,20150521,102.920,103.000,102.790,102.900,10522
CBAPC,20150522,102.950,103.100,102.820,103.003,6942
CBAPC,20150525,103.000,103.300,102.850,103.300,6480
CBAPC,20150526,103.320,103.500,103.110,103.150,7804
CBAPC,20150527,103.110,103.490,103.110,103.300,7292
CBAPC,20150528,103.250,103.490,103.120,103.360,19246
CBAPC,20150529,103.410,103.600,103.200,103.200,14202
CBAPC,20150601,103.550,103.700,103.200,103.550,9848
CBAPC,20150602,103.600,103.700,103.350,103.500,10292
CBAPC,20150603,102.700,102.700,102.140,102.200,13697
CBAPC,20150604,102.250,102.500,102.060,102.060,18335
CBAPC,20150605,102.050,102.200,101.400,101.900,13763
CBAPC,20150609,101.450,101.740,101.110,101.290,13524
CBAPC,20150610,101.290,101.490,100.500,100.500,17844
CBAPC,20150611,100.800,100.800,99.930,100.300,27064
CBAPC,20150612,100.300,100.380,100.100,100.200,25234
CBAPC,20150615,100.110,100.800,100.110,100.500,25845
CBAPC,20150616,100.550,100.880,100.410,100.410,16829
CBAPC,20150617,100.410,100.500,100.100,100.100,16492
CBAPC,20150618,100.100,100.450,100.100,100.150,8904
CBAPC,20150619,100.150,100.470,100.050,100.300,10331
CBAPC,20150622,100.350,100.450,100.110,100.440,12574
CBAPC,20150623,100.440,101.000,100.400,100.510,23011
CBAPC,20150624,100.500,101.000,100.270,101.000,16103
CBAPC,20150625,100.990,101.250,100.660,101.100,10600
CBAPC,20150626,101.150,101.380,100.749,100.905,10042
CBAPC,20150629,100.570,100.800,100.300,100.350,12936
CBAPC,20150630,100.400,100.500,100.000,100.051,21721
CBAPC,20150701,100.050,100.680,100.050,100.350,18985
CBAPC,20150702,100.101,100.650,100.100,100.650,11077
CBAPC,20150703,100.650,101.000,100.650,100.720,8669
CBAPC,20150706,100.750,101.380,100.700,100.900,12808
CBAPC,20150707,100.850,101.450,100.850,101.390,7570
CBAPC,20150708,101.100,102.500,101.050,102.450,16078
CBAPC,20150709,101.800,102.690,101.800,102.210,11606
CBAPC,20150710,102.680,102.680,102.000,102.100,8525
CBAPC,20150713,102.100,102.300,101.650,101.970,6509
CBAPC,20150714,101.969,102.250,101.751,102.250,9963
CBAPC,20150715,102.000,102.100,101.901,101.950,6116
CBAPC,20150716,101.950,102.250,101.900,102.099,9295
CBAPC,20150717,102.149,102.750,101.990,102.100,9668
CBAPC,20150720,102.690,102.700,102.190,102.201,6598
CBAPC,20150721,102.050,102.500,102.050,102.250,8024
CBAPC,20150722,102.250,102.650,102.250,102.650,6629
CBAPC,20150723,102.350,102.647,101.900,101.930,12201
CBAPC,20150724,102.000,102.000,101.500,101.521,16802
CBAPC,20150727,101.510,101.680,100.520,100.570,20666
CBAPC,20150728,100.590,100.650,100.520,100.520,18751
CBAPC,20150729,100.600,100.800,100.520,100.699,13707
CBAPC,20150730,100.621,100.990,100.570,100.870,11873
CBAPC,20150731,100.720,101.280,100.710,101.110,10617
CBAPC,20150803,101.110,101.160,100.800,101.150,8687
CBAPC,20150804,101.130,101.480,100.910,101.400,12726
CBAPC,20150805,101.400,102.050,101.400,101.601,10520
CBAPC,20150806,101.980,102.140,101.601,101.880,5645
CBAPC,20150807,101.660,101.990,101.100,101.250,18480
CBAPC,20150810,101.200,101.239,101.000,101.149,14056
CBAPC,20150811,101.190,101.600,101.000,101.080,15995
CBAPC,20150817,101.000,101.450,100.950,101.111,28163
CBAPC,20150818,101.151,101.450,101.021,101.050,12687
CBAPC,20150819,101.100,101.480,101.020,101.350,17713
CBAPC,20150820,101.449,101.490,100.700,101.100,30116
CBAPC,20150821,101.100,101.500,100.910,101.500,21148
CBAPC,20150824,101.000,101.000,100.000,100.000,31743
CBAPC,20150825,99.940,100.000,99.500,99.940,19396
CBAPC,20150826,99.950,100.300,99.800,99.800,15094
CBAPC,20150827,99.850,100.100,99.597,100.000,21010
CBAPC,20150828,100.000,100.150,99.890,100.150,13577
CBAPC,20150831,100.150,100.500,99.900,100.200,15993
CBAPC,20150901,100.060,100.580,100.060,100.520,9508
CBAPC,20150902,100.410,100.600,100.000,100.150,10132
CBAPC,20150903,99.600,99.900,98.890,99.390,20543
CBAPC,20150904,99.100,99.600,98.800,98.800,21795
CBAPC,20150907,98.920,99.000,98.110,98.449,9402
CBAPC,20150908,98.500,98.750,98.110,98.750,9520
CBAPC,20150909,98.750,98.879,98.500,98.700,25582
CBAPC,20150910,98.800,99.400,98.601,98.651,17031
CBAPC,20150914,98.700,99.370,98.650,99.100,12370
CBAPC,20150915,99.100,99.650,98.810,99.599,10416
CBAPC,20150916,99.320,99.700,99.300,99.300,23260
CBAPC,20150917,99.301,99.450,99.000,99.000,18397
CBAPC,20150918,99.000,99.690,99.000,99.690,10414
CBAPC,20150921,99.500,99.750,99.371,99.550,11432
CBAPC,20150922,99.650,99.960,99.650,99.820,17603
CBAPC,20150923,99.910,100.000,99.830,100.000,14663
CBAPC,20150924,100.000,100.390,99.820,100.390,11180
CBAPC,20150925,100.000,100.350,99.810,100.350,16832
CBAPC,20150928,100.350,100.490,99.960,100.400,11006
CBAPC,20150929,100.200,100.400,100.100,100.400,15509
CBAPC,20150930,100.400,100.403,100.000,100.300,15845
CBAPC,20151001,100.011,100.299,100.000,100.000,7462
CBAPC,20151002,100.199,100.199,100.000,100.050,3046
CBAPC,20151005,100.100,100.490,100.100,100.490,3368
CBAPC,20151006,100.490,100.490,100.060,100.199,8512
CBAPC,20151007,100.070,100.150,99.900,100.000,11711
CBAPC,20151008,99.871,100.050,99.860,100.000,16627
CBAPC,20151009,99.900,100.000,99.800,99.800,17132
CBAPC,20151012,99.900,99.940,99.720,99.800,8388
CBAPC,20151013,99.850,99.940,99.830,99.940,8373
CBAPC,20151014,99.880,99.940,99.880,99.890,6259
CBAPC,20151015,99.870,100.000,99.700,99.940,13861
CBAPC,20151016,100.000,100.100,99.900,100.100,11577
CBAPC,20151019,100.000,100.349,100.000,100.349,10532
CBAPC,20151020,100.300,100.300,99.650,99.730,9965
CBAPC,20151021,99.740,100.000,99.731,99.950,7499
CBAPC,20151022,100.000,100.340,100.000,100.320,8556
CBAPC,20151023,100.330,100.400,100.000,100.380,19182
CBAPC,20151026,100.210,100.700,100.000,100.200,16327
CBAPC,20151027,100.200,100.290,99.980,100.250,9111
CBAPC,20151028,100.151,100.151,99.950,99.950,11520
CBAPC,20151029,99.981,100.130,99.900,99.900,23549
CBAPC,20151030,100.000,100.250,99.750,100.250,26488
CBAPC,20151102,100.250,100.370,99.760,100.200,6861
CBAPC,20151103,100.100,100.250,99.930,100.250,6051
CBAPC,20151104,100.175,100.500,100.120,100.150,9107
CBAPC,20151105,100.200,100.600,100.200,100.600,13772
CBAPC,20151106,100.500,100.800,100.400,100.550,10394
CBAPC,20151109,100.600,100.980,100.600,100.800,10610
CBAPC,20151110,100.750,101.100,100.500,101.100,14170
CBAPC,20151111,101.000,101.000,100.400,100.700,35634
CBAPC,20151112,100.570,100.700,100.020,100.250,11798
CBAPC,20151113,100.021,100.500,100.000,100.200,12570
CBAPC,20151116,100.010,100.400,99.950,100.020,12433
CBAPC,20151117,100.000,100.300,99.750,100.000,13470
CBAPC,20151118,99.800,100.190,99.800,99.910,10210
CBAPC,20151119,99.910,99.990,99.550,99.850,16064
CBAPC,20151120,99.800,99.850,99.600,99.750,10170
CBAPC,20151123,99.750,99.990,99.500,99.650,14294
CBAPC,20151124,99.850,100.100,99.750,100.000,11941
CBAPC,20151125,100.100,100.100,99.601,99.601,11822
CBAPC,20151126,99.999,100.000,99.750,100.000,18810
CBAPC,20151127,99.990,100.000,99.910,100.000,13651
CBAPC,20151130,100.000,100.000,99.770,99.810,14479
CBAPC,20151201,99.860,100.000,99.800,100.000,14261
CBAPC,20151202,100.000,100.000,99.810,99.980,10317
CBAPC,20151203,98.750,98.900,98.600,98.600,19415
CBAPC,20151204,98.600,98.999,98.500,98.520,17220
CBAPC,20151207,98.510,98.749,98.450,98.600,19859
CBAPC,20151208,98.740,99.400,98.400,99.000,15181
CBAPC,20151209,99.000,99.260,98.900,99.020,12494
CBAPC,20151210,99.020,99.400,99.020,99.101,22185
CBAPC,20151211,99.250,99.280,98.751,98.850,17388
CBAPC,20151214,98.990,99.390,98.740,98.900,11982
CBAPC,20151215,98.850,99.480,98.750,99.480,20418
CBAPC,20151216,99.479,99.750,99.200,99.750,11290
CBAPC,20151217,99.750,100.050,99.610,99.700,23383
CBAPC,20151218,99.800,100.000,99.711,99.721,11974
CBAPC,20151221,99.710,100.000,99.710,99.870,8610
CBAPC,20151222,99.850,100.300,99.850,100.250,17154
CBAPC,20151223,100.160,101.000,99.900,101.000,12808
CBAPC,20151224,100.990,101.490,100.500,100.710,5770
CBAPC,20151229,100.710,101.400,100.710,101.300,3928
CBAPC,20151230,101.000,101.300,100.810,101.080,2100
CBAPC,20151231,100.810,101.100,100.400,101.100,3131
CBAPC,20160104,101.100,101.390,100.520,101.390,5046
CBAPC,20160105,101.380,101.390,100.950,101.380,4013
CBAPC,20160106,101.200,101.380,100.510,101.000,12396
CBAPC,20160107,100.600,100.900,100.500,100.750,3804
CBAPC,20160108,100.450,101.000,100.150,101.000,10551
CBAPC,20160111,100.900,101.000,100.000,100.850,8725
CBAPC,20160112,100.850,101.000,100.600,100.920,7411
CBAPC,20160113,100.850,101.000,100.000,100.980,10398
CBAPC,20160114,100.350,100.640,100.000,100.180,11704
CBAPC,20160115,100.100,100.150,99.850,99.950,17009
CBAPC,20160118,99.800,100.150,99.400,99.450,12485
CBAPC,20160119,99.450,99.980,99.000,99.850,8714
CBAPC,20160120,99.700,99.850,99.100,99.250,9070
CBAPC,20160121,99.110,100.000,99.100,100.000,10195
CBAPC,20160122,99.600,100.380,99.600,100.260,6384
CBAPC,20160125,100.300,101.450,100.260,101.060,7917
CBAPC,20160127,101.450,101.450,100.020,100.100,10258
CBAPC,20160128,100.100,100.649,99.800,100.060,12571
CBAPC,20160129,100.180,100.400,99.850,100.400,8613
CBAPC,20160201,100.056,100.400,100.000,100.080,8383
CBAPC,20160202,100.081,100.249,99.910,99.910,10247
CBAPC,20160203,100.100,100.330,99.850,100.200,11845
CBAPC,20160204,100.200,101.000,100.101,100.262,10769
CBAPC,20160205,100.300,100.800,100.160,100.321,8413
CBAPC,20160208,100.402,100.599,100.100,100.399,8858
CBAPC,20160209,100.100,100.200,100.000,100.100,16331
CBAPC,20160210,99.910,100.400,99.870,100.050,10363
CBAPC,20160211,100.041,100.200,99.960,100.199,7102
CBAPC,20160212,99.999,99.999,98.500,98.500,18002
CBAPC,20160215,98.600,99.450,98.600,99.390,18964
CBAPC,20160216,99.000,99.150,98.100,98.240,15656
CBAPC,20160217,98.250,98.899,98.250,98.451,18222
CBAPC,20160218,98.500,98.929,98.470,98.601,11895
CBAPC,20160219,98.700,98.930,98.101,98.930,12782
CBAPC,20160222,98.840,99.090,98.460,98.861,15311
CBAPC,20160223,99.000,99.150,98.861,99.000,16322
CBAPC,20160224,99.000,99.050,98.860,98.999,10600
CBAPC,20160225,98.910,99.050,98.871,98.950,26953
CBAPC,20160226,98.980,99.000,98.800,98.850,15919
CBAPC,20160229,98.830,98.999,98.711,98.750,13132
CBAPC,20160301,98.820,98.950,98.620,98.700,12712
CBAPC,20160302,98.600,98.850,98.560,98.780,24075
CBAPC,20160303,98.000,98.290,97.431,98.290,17621
CBAPC,20160304,98.300,98.520,98.000,98.180,20144
CBAPC,20160307,98.200,98.399,98.150,98.200,43200
CBAPC,20160308,98.380,98.750,98.253,98.290,25405
CBAPC,20160309,98.250,98.750,98.150,98.400,22154
CBAPC,20160310,98.201,98.750,98.200,98.750,22644
CBAPC,20160311,98.700,98.790,98.460,98.700,12797
CBAPC,20160314,98.500,98.800,98.460,98.600,9076
CBAPC,20160315,98.690,98.750,98.400,98.700,13831
CBAPC,20160316,98.600,98.750,98.450,98.589,16286
CBAPC,20160317,98.600,98.750,98.500,98.501,18574
CBAPC,20160318,98.510,98.629,98.350,98.350,29976
CBAPC,20160321,98.360,98.900,98.360,98.750,25448
CBAPC,20160322,98.700,99.000,98.600,98.880,48325
CBAPC,20160323,98.880,99.770,98.600,99.440,41725
CBAPC,20160324,99.400,99.900,99.361,99.550,13743
CBAPC,20160329,99.600,99.700,99.100,99.650,12049
CBAPC,20160330,99.680,99.850,99.151,99.600,19554
CBAPC,20160331,99.600,99.800,99.500,99.500,12277
CBAPC,20160401,99.496,99.496,99.151,99.300,9591
CBAPC,20160404,99.300,99.479,99.250,99.400,12722
CBAPC,20160405,99.450,99.540,99.410,99.500,14603
CBAPC,20160406,99.430,99.650,99.400,99.500,22830
CBAPC,20160407,99.600,99.700,99.360,99.650,32878
CBAPC,20160408,99.690,99.950,99.400,99.800,32057
CBAPC,20160411,99.960,100.150,99.850,100.150,17842
CBAPC,20160412,100.000,101.000,100.000,100.330,20602
CBAPC,20160413,100.090,100.500,100.000,100.150,24030
CBAPC,20160414,100.199,100.690,100.199,100.550,11389
CBAPC,20160415,100.320,100.900,100.290,100.480,13311
CBAPC,20160418,100.291,100.399,100.000,100.060,14007
CBAPC,20160419,100.050,100.270,100.050,100.199,11109
CBAPC,20160420,100.150,100.280,100.150,100.200,9462
CBAPC,20160421,100.200,100.370,100.020,100.100,26433
CBAPC,20160422,100.200,100.300,100.151,100.250,14227
CBAPC,20160426,100.150,100.289,100.150,100.210,16191
CBAPC,20160427,100.300,100.699,100.200,100.300,13672
CBAPC,20160428,100.300,100.500,100.253,100.450,28679
CBAPC,20160429,100.400,100.880,100.310,100.710,8275
CBAPC,20160502,100.750,100.950,100.550,100.650,8611
CBAPC,20160503,100.600,100.800,100.500,100.779,14412
CBAPC,20160504,100.800,101.000,100.611,100.900,8757
CBAPC,20160505,100.800,101.000,100.800,100.851,10426
CBAPC,20160506,100.850,100.990,100.800,100.850,10331
CBAPC,20160509,100.850,101.000,100.690,100.800,11239
CBAPC,20160510,100.700,101.100,100.700,101.090,25061
CBAPC,20160511,101.000,101.200,100.850,100.950,8623
CBAPC,20160512,100.990,101.350,100.810,101.100,16137
CBAPC,20160513,100.820,101.099,100.820,100.900,10730
CBAPC,20160516,100.900,101.400,100.850,101.380,9906
CBAPC,20160517,101.300,101.480,101.001,101.239,12890
CBAPC,20160518,101.021,101.179,100.650,100.650,19329
CBAPC,20160519,100.620,101.060,100.620,100.651,10532
CBAPC,20160520,100.651,101.050,100.640,100.880,19235
CBAPC,20160523,100.840,101.450,100.840,101.380,10848
CBAPC,20160524,101.000,101.300,100.980,101.020,22877
CBAPC,20160525,101.000,101.200,100.830,100.950,11709
CBAPC,20160526,100.950,101.200,100.950,101.100,11117
CBAPC,20160527,101.100,101.300,100.840,101.100,14801
CBAPC,20160530,101.150,101.350,100.600,100.810,22976
CBAPC,20160531,100.820,101.000,100.751,100.780,9344
CBAPC,20160601,100.850,101.000,100.800,100.801,11277
CBAPC,20160602,100.800,101.000,100.770,100.871,12505
CBAPC,20160603,100.950,101.000,100.800,100.890,14324
CBAPC,20160606,99.850,100.150,99.850,99.970,18661
CBAPC,20160607,99.970,100.400,99.850,100.100,16446
CBAPC,20160608,100.500,100.900,100.500,100.550,17962
CBAPC,20160609,100.550,100.610,100.301,100.450,9709
CBAPC,20160610,100.310,100.550,100.300,100.550,9782
CBAPC,20160614,100.300,100.550,100.150,100.550,10623
CBAPC,20160615,100.500,100.500,100.111,100.111,19303
CBAPC,20160616,100.121,100.300,100.100,100.200,10645
CBAPC,20160617,100.150,100.200,100.010,100.050,13276
CBAPC,20160620,100.050,100.450,100.012,100.440,15589
CBAPC,20160621,100.300,100.490,100.000,100.051,15606
CBAPC,20160622,100.200,100.500,100.061,100.400,7586
CBAPC,20160623,100.300,100.500,100.101,100.449,9651
CBAPC,20160624,100.350,100.500,100.160,100.300,10115
CBAPC,20160627,100.150,100.510,100.011,100.250,12711
CBAPC,20160628,100.340,100.780,100.250,100.330,10431
CBAPC,20160629,100.250,101.000,100.250,100.599,7934
CBAPC,20160630,100.550,100.990,100.341,100.341,13382
CBAPC,20160701,100.500,101.000,100.330,100.800,20451
CBAPC,20160704,100.700,100.750,100.570,100.700,8711
CBAPC,20160705,100.550,100.740,100.370,100.370,13388
CBAPC,20160706,100.340,100.550,100.300,100.310,28366
CBAPC,20160707,100.350,100.880,100.350,100.750,11644
CBAPC,20160708,100.880,101.440,100.750,101.000,10685
CBAPC,20160711,101.000,101.500,100.800,101.430,7127
CBAPC,20160712,101.500,102.200,101.500,101.880,5207
CBAPC,20160713,101.880,102.500,101.750,102.500,23870
CBAPC,20160714,102.550,102.990,102.000,102.000,7975
CBAPC,20160715,102.100,102.100,101.770,101.770,7334
CBAPC,20160718,101.770,102.000,101.750,101.750,7951
CBAPC,20160719,101.800,102.300,101.800,102.000,13286
CBAPC,20160720,102.000,102.350,101.900,101.901,9188
CBAPC,20160721,101.900,102.550,101.900,102.500,8121
CBAPC,20160722,102.500,102.550,102.000,102.000,18523
CBAPC,20160725,101.999,102.350,101.510,101.510,12732
CBAPC,20160726,101.521,101.550,101.350,101.510,14688
CBAPC,20160727,101.500,101.500,101.080,101.080,15720
CBAPC,20160728,101.189,101.189,101.080,101.100,13615
CBAPC,20160729,101.080,101.110,101.000,101.000,18940
CBAPC,20160801,101.090,101.200,101.000,101.190,12052
CBAPC,20160802,101.180,101.450,101.010,101.150,10780
CBAPC,20160803,101.150,101.450,101.101,101.300,15373
CBAPC,20160804,101.300,101.450,101.250,101.450,6942
CBAPC,20160805,101.440,101.510,101.340,101.340,11049
CBAPC,20160808,101.360,101.690,101.350,101.489,16175
CBAPC,20160809,101.400,101.930,101.360,101.531,13456
CBAPC,20160810,101.730,101.730,101.551,101.600,8349
CBAPC,20160811,101.600,101.790,101.571,101.590,7012
CBAPC,20160812,101.590,101.800,101.550,101.790,8069
CBAPC,20160815,101.790,102.000,101.700,101.701,11834
CBAPC,20160816,101.700,102.500,101.700,102.100,8366
CBAPC,20160817,102.100,102.700,102.000,102.000,16585
CBAPC,20160818,102.000,102.300,101.911,101.921,15606
CBAPC,20160819,101.950,102.500,101.900,101.999,14939
CBAPC,20160822,101.989,102.000,101.820,102.000,9232
CBAPC,20160823,102.100,102.100,101.920,102.050,8644
CBAPC,20160824,102.100,102.400,102.002,102.250,10242
CBAPC,20160825,102.250,102.330,102.071,102.200,6428
CBAPC,20160826,102.110,102.900,102.000,102.900,8701
CBAPC,20160829,102.880,102.880,102.341,102.361,5710
CBAPC,20160830,102.361,102.450,102.000,102.250,8014
CBAPC,20160831,102.200,102.900,101.971,102.500,13330
CBAPC,20160901,102.600,102.950,102.280,102.900,5499
CBAPC,20160902,102.900,102.900,102.350,102.699,16071
CBAPC,20160905,102.361,102.579,102.010,102.200,22357
CBAPC,20160906,101.300,101.960,101.101,101.610,19570
CBAPC,20160907,101.750,101.800,101.500,101.601,11759
CBAPC,20160908,101.600,102.000,101.600,101.950,11758
CBAPC,20160909,101.680,102.000,101.501,101.501,16525
CBAPC,20160912,101.500,101.600,101.050,101.150,21324
CBAPC,20160913,101.050,101.139,100.970,101.139,11416
CBAPC,20160914,101.000,101.480,100.970,101.300,10349
CBAPC,20160915,101.300,101.450,101.011,101.100,7633
CBAPC,20160916,101.000,101.650,100.980,101.120,11848
CBAPC,20160919,101.100,101.100,100.970,100.970,3630
CBAPC,20160920,100.950,101.400,100.920,101.250,19786
CBAPC,20160921,101.240,101.250,101.000,101.000,25206
CBAPC,20160922,101.250,101.450,101.000,101.061,17512
CBAPC,20160923,101.061,101.450,101.061,101.390,7967
CBAPC,20160926,101.350,101.390,101.101,101.130,9331
CBAPC,20160927,101.100,101.350,101.100,101.290,7392
CBAPC,20160928,101.250,101.750,101.171,101.750,4816
CBAPC,20160929,101.650,101.850,101.500,101.510,5101
CBAPC,20160930,101.600,101.750,101.150,101.150,4880
CBAPC,20161003,101.150,101.740,101.150,101.611,3042
CBAPC,20161004,101.800,101.850,101.420,101.499,18462
CBAPC,20161005,101.400,101.950,101.400,101.520,4138
CBAPC,20161006,101.511,101.939,101.511,101.750,3322
CBAPC,20161007,101.900,101.950,101.750,101.770,3572
CBAPC,20161010,101.770,101.790,101.500,101.699,8331
CBAPC,20161011,101.650,101.990,101.503,101.990,12419
CBAPC,20161012,101.850,102.000,101.800,102.000,17354
CBAPC,20161013,102.000,102.750,101.950,102.390,10343
CBAPC,20161014,102.385,103.000,102.080,102.999,13687
CBAPC,20161017,102.899,103.050,102.350,102.950,16714
CBAPC,20161018,102.450,102.920,101.980,102.650,16181
CBAPC,20161019,102.500,102.990,102.500,102.799,14143
CBAPC,20161020,102.778,102.950,102.600,102.600,10283
CBAPC,20161021,102.603,102.603,101.600,101.600,10159
CBAPC,20161024,101.610,102.380,101.610,102.011,8291
CBAPC,20161025,102.050,102.900,102.050,102.260,15428
CBAPC,20161026,102.499,102.500,102.200,102.440,9478
CBAPC,20161027,102.250,102.440,102.250,102.400,20986
CBAPC,20161028,102.300,102.710,102.260,102.360,10231
CBAPC,20161031,102.690,102.690,102.300,102.350,11490
CBAPC,20161101,102.400,102.699,102.300,102.300,5301
CBAPC,20161102,102.599,102.700,102.390,102.603,9791
CBAPC,20161103,102.450,102.600,102.300,102.510,6582
CBAPC,20161104,102.599,102.700,102.500,102.520,13563
CBAPC,20161107,102.511,102.690,102.500,102.503,7761
CBAPC,20161108,102.500,102.650,102.500,102.500,11025
CBAPC,20161109,102.320,102.990,102.320,102.689,13135
CBAPC,20161110,102.900,102.900,102.500,102.550,4315
CBAPC,20161111,102.500,102.800,102.400,102.400,12911
CBAPC,20161114,102.400,102.400,102.050,102.299,16053
CBAPC,20161115,102.140,102.400,102.091,102.251,8595
CBAPC,20161116,102.300,102.590,102.250,102.250,15695
CBAPC,20161117,102.230,102.700,102.230,102.650,8382
CBAPC,20161118,102.450,103.000,102.450,102.540,7041
CBAPC,20161121,102.560,102.849,102.300,102.300,11342
CBAPC,20161122,102.312,102.740,102.312,102.398,8243
CBAPC,20161123,102.400,102.750,102.350,102.451,11186
CBAPC,20161124,102.383,102.650,102.381,102.381,17872
CBAPC,20161125,102.391,102.549,102.391,102.502,6226
CBAPC,20161128,102.500,102.550,102.412,102.500,7876
CBAPC,20161129,102.500,102.669,102.461,102.550,6948
CBAPC,20161130,102.600,102.989,102.600,102.680,16121
CBAPC,20161201,102.800,102.900,102.701,102.898,12380
CBAPC,20161202,102.720,102.910,102.720,102.800,10100
CBAPC,20161205,102.800,102.899,102.600,102.800,10726
CBAPC,20161206,102.190,102.190,101.500,101.950,23637
CBAPC,20161207,102.000,102.439,101.800,102.001,11830
CBAPC,20161208,102.010,102.310,102.000,102.001,11867
CBAPC,20161209,102.249,102.249,101.550,101.749,18044
CBAPC,20161212,101.573,101.749,101.551,101.551,16243
CBAPC,20161213,101.560,101.780,101.400,101.401,13559
CBAPC,20161214,101.600,101.950,101.382,101.470,27171
CBAPC,20161215,101.890,101.950,101.601,101.950,11246
CBAPC,20161216,101.950,102.050,101.850,101.901,17906
CBAPC,20161219,102.250,102.780,101.720,102.500,249750
CBAPC,20161220,102.499,102.880,102.159,102.880,27093
CBAPC,20161221,102.820,103.300,102.650,103.278,12322
CBAPC,20161222,103.070,103.070,102.851,102.900,8392
CBAPC,20161223,102.950,103.090,102.950,103.090,6024
CBAPC,20161228,103.050,103.090,102.870,102.870,3747
CBAPC,20161229,102.910,103.100,102.900,102.900,3329
CBAPC,20161230,103.100,103.100,102.900,103.040,2049
CBAPC,20170103,102.900,103.040,102.700,102.850,2207
CBAPC,20170104,103.050,103.090,102.821,102.821,3738
CBAPC,20170105,102.820,103.079,102.710,102.753,8855
CBAPC,20170106,102.770,102.999,102.760,102.801,2331
CBAPC,20170109,102.800,102.939,102.760,102.939,3759
CBAPC,20170110,102.800,102.970,102.760,102.851,8937
CBAPC,20170111,102.929,103.000,102.861,102.950,6287
CBAPC,20170112,102.950,103.250,102.850,103.213,9281
CBAPC,20170113,103.000,103.250,102.901,103.250,6287
CBAPC,20170116,103.050,103.150,102.850,102.850,9228
CBAPC,20170117,102.900,103.059,102.851,102.900,6927
CBAPC,20170118,102.950,103.210,102.950,103.000,24105
CBAPC,20170119,103.001,103.199,102.951,103.149,5059
CBAPC,20170120,103.099,103.100,102.954,103.100,8789
CBAPC,20170123,103.011,103.200,102.961,102.962,13198
CBAPC,20170124,103.100,103.100,102.860,102.900,10240
CBAPC,20170125,102.901,103.069,102.850,102.901,9694
CBAPC,20170127,103.100,103.100,102.881,102.901,5138
CBAPC,20170130,103.000,103.060,102.930,102.970,8901
CBAPC,20170131,103.069,103.069,102.900,103.050,12465
CBAPC,20170201,102.901,103.100,102.900,102.930,9023
CBAPC,20170202,102.920,103.120,102.870,103.000,8261
CBAPC,20170203,102.999,103.000,102.860,102.870,9286
CBAPC,20170206,103.000,103.100,102.850,103.096,9276
CBAPC,20170207,102.850,103.099,102.850,102.861,8918
CBAPC,20170208,102.850,102.969,102.850,102.851,21526
CBAPC,20170209,102.851,102.900,102.850,102.860,32906
CBAPC,20170210,102.860,102.900,102.850,102.850,12606
CBAPC,20170213,102.850,103.200,102.850,102.861,11985
CBAPC,20170214,103.000,103.200,102.861,103.150,6296
CBAPC,20170215,103.150,103.200,102.901,103.000,4037
CBAPC,20170216,103.001,103.199,102.900,102.961,8355
CBAPC,20170217,102.961,103.189,102.960,102.960,8976
CBAPC,20170220,102.960,103.199,102.960,102.960,6583
CBAPC,20170221,102.960,103.099,102.851,102.851,12195
CBAPC,20170222,102.980,103.049,102.850,102.861,5939
CBAPC,20170223,102.871,102.979,102.860,102.861,5193
CBAPC,20170224,102.860,103.299,102.860,103.249,12434
CBAPC,20170227,103.000,103.250,102.850,102.850,27862
CBAPC,20170228,102.890,103.080,102.850,102.851,14867
CBAPC,20170301,102.870,103.100,102.870,103.000,6191
CBAPC,20170302,102.931,103.400,102.930,102.940,6676
CBAPC,20170303,103.400,103.500,102.950,103.040,9188
CBAPC,20170306,101.950,102.150,101.780,102.010,11709
CBAPC,20170307,102.850,102.850,102.040,102.100,21950
CBAPC,20170308,102.150,102.850,102.150,102.699,13979
CBAPC,20170309,102.850,102.850,102.421,102.699,7606
CBAPC,20170310,102.840,102.840,102.350,102.400,19760
CBAPC,20170313,102.410,102.700,102.300,102.700,7524
CBAPC,20170314,102.700,102.800,102.000,102.000,25685
CBAPC,20170315,102.290,102.399,101.650,101.650,15831
CBAPC,20170316,101.740,102.100,101.650,102.100,10121
CBAPC,20170317,102.000,102.000,101.750,101.750,6931
CBAPC,20170320,101.750,101.800,101.670,101.790,10772
CBAPC,20170321,101.790,101.800,101.600,101.620,11889
CBAPC,20170322,101.760,102.090,101.720,102.090,20002
CBAPC,20170323,101.810,102.310,101.810,102.050,9814
CBAPC,20170324,102.400,102.400,101.830,102.100,6165
CBAPC,20170327,102.660,102.660,102.043,102.060,23798
CBAPC,20170328,102.100,102.100,101.870,101.870,21987
CBAPC,20170329,101.890,102.300,101.890,102.300,10847
CBAPC,20170330,102.050,102.450,102.050,102.397,5863
CBAPC,20170331,102.390,102.800,102.200,102.200,9297
CBAPC,20170403,102.400,102.800,102.200,102.660,22596
CBAPC,20170404,102.650,102.800,102.600,102.600,14747
CBAPC,20170405,102.699,102.800,102.550,102.700,10936
CBAPC,20170406,102.600,102.750,102.350,102.720,5917
CBAPC,20170407,102.401,102.700,102.401,102.697,17132
CBAPC,20170410,102.440,102.697,102.420,102.430,12530
CBAPC,20170411,102.430,102.830,102.410,102.790,14520
CBAPC,20170412,102.570,102.700,102.550,102.600,7677
CBAPC,20170413,102.599,102.630,102.390,102.630,21162
CBAPC,20170418,102.620,102.620,102.390,102.391,12391
CBAPC,20170419,102.390,102.560,102.330,102.400,19495
CBAPC,20170420,102.310,102.400,102.280,102.280,18797
CBAPC,20170421,102.280,102.399,102.280,102.301,10458
CBAPC,20170424,102.300,102.410,102.300,102.410,6706
CBAPC,20170426,102.310,102.400,102.310,102.330,13414
CBAPC,20170427,102.350,102.410,102.330,102.399,34586
CBAPC,20170428,102.350,102.430,102.350,102.400,20994
CBAPC,20170501,102.320,102.490,102.320,102.490,4977
CBAPC,20170502,102.400,102.500,102.380,102.400,10531
CBAPC,20170503,102.400,102.490,102.400,102.400,13635
CBAPC,20170504,102.450,102.630,102.350,102.630,19723
CBAPC,20170505,102.588,102.840,102.450,102.501,13451
CBAPC,20170508,102.550,103.200,102.500,102.510,16421
CBAPC,20170509,102.510,102.990,102.502,102.550,8188
CBAPC,20170510,102.550,103.190,102.550,102.860,8830
CBAPC,20170511,102.850,103.150,102.770,103.000,9480
CBAPC,20170512,102.850,103.000,102.600,103.000,8217
CBAPC,20170515,103.190,103.300,102.720,103.190,8143
CBAPC,20170516,103.000,103.299,102.850,103.000,15903
CBAPC,20170517,103.000,103.250,103.000,103.250,19386
CBAPC,20170518,103.300,103.350,103.100,103.160,12645
CBAPC,20170519,103.450,103.500,103.250,103.500,7404
CBAPC,20170522,103.500,103.880,103.250,103.660,23617
CBAPC,20170523,103.700,104.190,103.700,103.850,12293
CBAPC,20170524,103.900,103.900,103.100,103.401,14987
CBAPC,20170525,103.400,103.400,103.100,103.100,22093
CBAPC,20170526,103.100,103.500,103.000,103.400,14005
CBAPC,20170529,103.250,103.500,103.020,103.430,13945
CBAPC,20170530,103.350,103.420,102.950,103.300,12297
CBAPC,20170531,102.950,103.439,102.910,103.100,9891
CBAPC,20170601,103.006,103.149,103.000,103.001,8473
CBAPC,20170602,103.139,103.400,102.967,103.400,8659
CBAPC,20170605,103.071,103.400,102.960,103.000,17938
CBAPC,20170606,101.979,102.860,101.590,102.000,21184
CBAPC,20170607,101.850,102.000,101.700,101.700,23825
CBAPC,20170608,101.700,101.730,101.140,101.452,32522
CBAPC,20170609,101.450,101.849,100.971,101.769,22088
CBAPC,20170613,101.692,101.692,101.052,101.150,15482
CBAPC,20170614,101.170,101.990,101.150,101.990,19033
CBAPC,20170615,101.800,102.000,101.510,101.750,12547
CBAPC,20170616,101.750,101.750,101.010,101.040,25925
CBAPC,20170619,101.100,101.590,101.040,101.300,22656
CBAPC,20170620,101.250,101.449,101.050,101.100,29741
CBAPC,20170621,101.040,101.300,100.960,101.100,18838
CBAPC,20170622,101.100,101.440,100.980,101.030,21575
CBAPC,20170623,101.100,101.388,101.030,101.370,23729
CBAPC,20170626,101.201,101.510,101.101,101.204,27539
CBAPC,20170627,101.201,101.400,101.102,101.330,25056
CBAPC,20170628,101.360,102.190,101.310,101.800,26389
CBAPC,20170629,101.760,102.770,101.760,102.000,9910
CBAPC,20170630,102.150,102.490,101.971,102.400,6910
CBAPC,20170703,102.375,102.500,102.160,102.490,11119
CBAPC,20170704,102.400,102.700,102.150,102.700,37943
CBAPC,20170705,102.251,102.750,102.251,102.730,11485
CBAPC,20170706,102.730,102.940,102.350,102.800,16819
CBAPC,20170707,102.810,103.100,102.750,103.100,9560
CBAPC,20170710,103.050,103.200,102.760,102.921,8594
CBAPC,20170711,103.000,103.100,102.821,103.070,14933
CBAPC,20170712,103.000,103.200,103.000,103.200,6527
CBAPC,20170713,103.150,103.730,103.120,103.500,14718
CBAPC,20170714,103.221,103.730,103.210,103.540,5988
CBAPC,20170717,103.500,103.500,103.000,103.249,8988
CBAPC,20170718,103.000,103.000,102.500,102.500,28566
CBAPC,20170719,102.500,102.749,102.270,102.749,17040
CBAPC,20170720,102.499,102.600,102.250,102.300,24294
CBAPC,20170721,102.201,103.000,102.150,103.000,13136
CBAPC,20170724,102.600,103.060,102.600,103.000,14589
CBAPC,20170725,102.550,102.940,102.550,102.713,15528
CBAPC,20170726,102.779,102.920,102.600,102.800,18617
CBAPC,20170727,102.620,103.100,102.620,102.751,13661
CBAPC,20170728,102.750,103.100,102.650,103.100,14492
CBAPC,20170731,103.100,103.130,102.701,103.130,8001
CBAPC,20170801,103.130,103.270,102.821,103.000,6084
CBAPC,20170802,102.900,103.000,102.780,102.950,6531
CBAPC,20170803,102.860,103.100,102.860,102.880,9475
CBAPC,20170804,102.860,103.000,102.310,102.310,35521
CBAPC,20170807,102.340,102.820,102.340,102.597,12349
CBAPC,20170808,102.600,102.603,102.030,102.030,30293
CBAPC,20170809,102.100,102.350,101.980,102.000,22479
CBAPC,20170810,102.150,102.200,102.010,102.027,9468
CBAPC,20170811,102.010,102.200,101.860,101.900,16427
CBAPC,20170814,102.200,102.300,101.860,102.050,11590
CBAPC,20170815,102.328,102.328,102.100,102.300,8729
CBAPC,20170816,102.200,102.550,102.160,102.530,8476
CBAPC,20170817,102.460,102.800,102.420,102.660,10037
CBAPC,20170818,102.660,102.720,102.500,102.717,6681
CBAPC,20170821,102.710,102.710,102.440,102.500,14100
CBAPC,20170822,102.410,102.500,102.400,102.400,7280
CBAPC,20170823,102.470,102.780,102.400,102.780,10946
CBAPC,20170824,102.770,103.000,102.400,103.000,9118
CBAPC,20170825,102.700,102.920,102.420,102.657,10869
CBAPC,20170828,102.750,102.750,102.490,102.490,9431
CBAPC,20170829,102.599,102.990,102.501,102.570,6312
CBAPC,20170830,102.570,102.990,102.500,102.929,7254
CBAPC,20170831,102.581,102.928,102.500,102.599,8493
CBAPC,20170901,102.799,102.810,102.492,102.712,10629
CBAPC,20170904,102.712,102.850,102.490,102.520,15576
CBAPC,20170905,102.460,102.790,102.422,102.550,17334
CBAPC,20170906,101.750,101.950,101.530,101.710,16444
CBAPC,20170907,101.850,102.390,101.753,102.390,15796
CBAPC,20170908,102.300,102.470,102.101,102.155,17501
CBAPC,20170911,102.150,102.250,101.880,102.010,17817
CBAPC,20170912,102.000,102.270,101.800,102.050,8225
CBAPC,20170913,101.950,102.240,101.810,101.830,10695
CBAPC,20170914,101.830,101.900,101.752,101.800,15179
CBAPC,20170915,101.800,102.250,101.700,101.800,8467
CBAPC,20170918,101.801,101.980,101.700,101.700,17102
CBAPC,20170919,101.850,101.850,101.561,101.561,17155
CBAPC,20170920,101.550,102.000,101.550,102.000,17237
CBAPC,20170921,101.811,102.280,101.811,102.280,12185
CBAPC,20170922,102.250,102.250,101.800,102.130,15395
CBAPC,20170925,102.200,102.200,101.820,101.820,8861
CBAPC,20170926,101.810,102.180,101.810,102.000,8856
CBAPC,20170927,102.190,102.190,101.900,102.100,6553
CBAPC,20170928,102.100,102.190,101.820,102.000,9569
CBAPC,20170929,101.850,102.000,101.850,101.990,4876
CBAPC,20171002,101.861,102.000,101.860,102.000,7617
CBAPC,20171003,101.930,102.000,101.901,101.990,7295
CBAPC,20171004,101.990,102.189,101.990,102.170,6653
CBAPC,20171005,102.180,102.200,102.070,102.070,8973
CBAPC,20171006,102.100,102.180,102.050,102.100,8182
CBAPC,20171009,102.051,102.200,102.050,102.061,6346
CBAPC,20171010,102.100,102.450,102.100,102.151,6176
CBAPC,20171011,102.150,102.400,102.121,102.200,6184
CBAPC,20171012,102.200,102.350,102.050,102.111,10062
CBAPC,20171013,102.100,102.309,102.000,102.010,13287
CBAPC,20171016,102.021,102.200,102.021,102.200,6162
CBAPC,20171017,102.105,102.800,102.100,102.800,19102
CBAPC,20171018,102.500,102.878,102.201,102.799,11366
CBAPC,20171019,102.550,102.690,102.410,102.690,7405
CBAPC,20171020,102.700,102.750,102.210,102.210,12050
CBAPC,20171023,102.280,102.500,102.100,102.200,27336
CBAPC,20171024,102.160,102.499,102.160,102.210,7411
CBAPC,20171025,102.220,102.489,102.220,102.489,3716
CBAPC,20171026,102.301,102.599,102.300,102.569,6600
CBAPC,20171027,102.300,102.800,102.300,102.750,8696
CBAPC,20171030,102.750,102.800,102.421,102.710,8881
CBAPC,20171031,102.800,102.850,102.700,102.700,7587
CBAPC,20171101,102.700,102.890,102.450,102.700,13740
CBAPC,20171102,102.850,102.990,102.720,102.890,8096
CBAPC,20171103,102.800,103.000,102.800,103.000,14732
CBAPC,20171106,102.820,103.420,102.600,103.420,16278
CBAPC,20171107,103.200,103.400,102.950,102.950,5466
CBAPC,20171108,103.000,103.219,102.900,103.000,7989
CBAPC,20171109,103.010,103.199,103.001,103.199,5043
CBAPC,20171110,103.100,103.300,103.050,103.200,5077
CBAPC,20171113,103.200,103.398,102.711,102.711,10197
CBAPC,20171114,102.721,103.179,102.721,102.830,15858
CBAPC,20171115,102.740,102.850,102.602,102.621,12744
CBAPC,20171116,102.620,102.760,102.520,102.520,44996
CBAPC,20171117,102.520,102.619,102.512,102.550,12014
CBAPC,20171120,102.521,102.600,102.500,102.560,27279
CBAPC,20171121,102.560,102.790,102.560,102.670,19524
CBAPC,20171122,102.670,103.200,102.670,103.050,14486
CBAPC,20171123,103.050,103.200,102.710,102.950,8076
CBAPC,20171124,102.980,103.200,102.850,102.850,10247
CBAPC,20171127,102.800,103.000,102.750,102.790,15852
CBAPC,20171128,102.790,103.039,102.700,102.851,10027
CBAPC,20171129,102.815,103.000,102.810,102.851,10884
CBAPC,20171130,102.850,103.000,102.811,102.820,7513
CBAPC,20171201,102.810,102.999,102.801,102.900,12158
CBAPC,20171204,102.900,103.220,102.900,103.000,10489
CBAPC,20171205,103.000,103.080,102.831,103.080,8170
CBAPC,20171206,101.810,102.000,101.674,101.840,17340
CBAPC,20171207,101.830,102.050,101.830,102.050,15471
CBAPC,20171208,102.090,102.150,101.800,101.801,10347
CBAPC,20171211,101.800,102.000,101.750,102.000,10864
CBAPC,20171212,102.000,102.100,101.900,102.100,8069
CBAPC,20171213,102.000,102.000,101.810,102.000,16866
CBAPC,20171214,101.911,102.100,101.820,101.841,15616
CBAPC,20171215,102.000,102.000,101.500,101.500,15467
CBAPC,20171218,101.550,101.797,101.470,101.520,14332
CBAPC,20171219,101.581,102.150,101.551,102.130,12839
CBAPC,20171220,102.000,102.150,101.840,101.999,12123
CBAPC,20171221,102.050,102.110,101.821,101.821,10542
CBAPC,20171222,102.000,102.190,101.821,102.190,6171
CBAPC,20171227,101.860,102.060,101.800,102.060,7429
CBAPC,20171228,102.000,102.000,101.900,102.000,6198
CBAPC,20171229,101.990,102.000,101.900,101.900,2389
CBAPC,20180102,102.000,102.050,101.870,102.000,7238
CBAPC,20180103,102.000,102.100,101.861,101.861,7159
CBAPC,20180104,101.870,101.990,101.845,101.989,9890
CBAPC,20180105,101.980,102.080,101.845,102.020,6307
CBAPC,20180108,102.080,102.200,102.080,102.180,5149
CBAPC,20180109,102.050,102.200,101.850,102.200,16024
CBAPC,20180110,102.203,102.300,102.050,102.150,8000
CBAPC,20180111,102.150,102.779,102.060,102.380,6591
CBAPC,20180112,102.380,102.750,102.223,102.749,4475
CBAPC,20180115,102.322,102.580,102.200,102.200,12790
CBAPC,20180116,102.113,102.449,102.110,102.110,7836
CBAPC,20180117,102.100,102.199,101.940,102.150,20923
CBAPC,20180118,102.190,102.450,102.050,102.200,18152
CBAPC,20180119,102.150,102.499,102.150,102.460,15896
CBAPC,20180122,102.460,102.460,102.200,102.250,12392
CBAPC,20180123,102.220,102.649,102.220,102.400,11638
CBAPC,20180124,102.400,102.650,102.400,102.500,7664
CBAPC,20180125,102.710,102.750,102.400,102.600,19650
CBAPC,20180129,102.650,102.700,102.451,102.550,7465
CBAPC,20180130,102.650,102.650,102.550,102.650,13909
CBAPC,20180131,102.650,102.970,102.550,102.651,9526
CBAPC,20180201,102.651,102.750,102.610,102.650,11532
CBAPC,20180202,102.610,102.690,102.500,102.550,16316
CBAPC,20180205,102.540,102.700,102.450,102.689,22343
CBAPC,20180206,102.450,102.500,102.230,102.500,12282
CBAPC,20180207,102.360,102.820,102.260,102.650,12076
CBAPC,20180208,102.900,102.900,102.350,102.400,5364
CBAPC,20180209,102.600,102.820,102.500,102.690,7825
CBAPC,20180212,102.510,102.619,102.200,102.519,14405
CBAPC,20180213,102.300,102.600,102.300,102.600,15661
CBAPC,20180214,102.350,102.580,102.280,102.499,17342
CBAPC,20180215,102.300,102.500,102.200,102.271,9824
CBAPC,20180216,102.320,102.500,102.180,102.300,7070
CBAPC,20180219,102.350,102.400,102.060,102.200,9899
CBAPC,20180220,102.200,102.500,102.070,102.500,8434
CBAPC,20180221,102.490,102.500,102.300,102.400,8206
CBAPC,20180222,102.350,102.360,102.237,102.360,11454
CBAPC,20180223,102.300,102.430,102.000,102.300,11259
CBAPC,20180226,102.200,102.400,102.200,102.300,9978
CBAPC,20180227,102.250,102.450,101.950,102.000,10026
CBAPC,20180228,102.230,102.500,101.950,102.000,18606
CBAPC,20180301,102.450,102.500,102.110,102.500,7162
CBAPC,20180302,102.500,102.500,102.250,102.500,14295
CBAPC,20180305,102.450,102.450,102.330,102.350,7109
CBAPC,20180306,101.016,101.350,100.930,101.190,15374
CBAPC,20180307,101.190,101.190,100.700,100.700,22593
CBAPC,20180308,100.701,100.950,100.400,100.700,31345
CBAPC,20180309,100.900,101.000,100.500,101.000,34179
CBAPC,20180312,101.000,101.000,100.500,100.750,8855
CBAPC,20180313,100.690,100.879,100.300,100.550,11863
CBAPC,20180314,100.570,100.880,100.250,100.300,12237
CBAPC,20180315,100.300,100.540,100.252,100.420,16730
CBAPC,20180316,100.420,101.000,100.420,100.800,24838
CBAPC,20180319,100.850,101.400,100.850,101.101,21015
CBAPC,20180320,101.150,101.150,100.601,100.800,11734
CBAPC,20180321,100.899,100.950,100.640,100.799,17515
CBAPC,20180322,100.750,100.750,100.250,100.430,25477
CBAPC,20180323,100.400,100.660,100.400,100.540,12843
