CBAPE,20160331,100.000,100.200,99.900,100.200,76622
CBAPE,20160401,100.200,100.400,100.110,100.200,21863
CBAPE,20160404,100.200,101.000,100.200,100.600,17486
CBAPE,20160405,100.800,101.750,100.750,101.350,12219
CBAPE,20160406,101.350,102.700,101.300,101.990,27072
CBAPE,20160407,101.600,102.000,101.600,102.000,9936
CBAPE,20160408,102.000,102.600,101.900,102.000,14848
CBAPE,20160411,102.600,102.600,102.050,102.300,6326
CBAPE,20160412,102.390,102.700,102.100,102.450,13886
CBAPE,20160413,102.450,102.450,102.100,102.100,13672
CBAPE,20160414,102.400,103.000,102.300,102.550,8288
CBAPE,20160415,102.900,102.900,102.400,102.450,12408
CBAPE,20160418,102.500,102.900,102.500,102.600,7790
CBAPE,20160419,102.450,102.800,102.150,102.800,5729
CBAPE,20160420,102.800,102.800,102.530,102.800,6596
CBAPE,20160421,102.800,102.800,102.660,102.749,10861
CBAPE,20160422,102.650,102.750,102.600,102.600,10755
CBAPE,20160426,102.550,102.699,102.500,102.500,9408
CBAPE,20160427,102.650,102.800,102.650,102.800,22442
CBAPE,20160428,102.750,102.880,102.700,102.880,12687
CBAPE,20160429,102.750,102.880,102.750,102.830,7507
CBAPE,20160502,102.930,102.950,102.870,102.870,4255
CBAPE,20160503,102.870,103.150,102.830,103.150,14536
CBAPE,20160504,103.200,103.390,103.000,103.200,7333
CBAPE,20160505,103.150,103.340,102.950,103.300,12339
CBAPE,20160506,103.300,103.460,103.020,103.390,16547
CBAPE,20160509,103.050,103.399,103.000,103.011,11700
CBAPE,20160510,103.000,103.200,102.970,103.110,10141
CBAPE,20160511,103.110,103.500,103.030,103.031,10739
CBAPE,20160512,103.200,103.200,103.100,103.100,2775
CBAPE,20160513,103.100,103.300,103.000,103.300,7817
CBAPE,20160516,103.280,103.460,103.250,103.250,6002
CBAPE,20160517,103.200,103.200,102.970,103.120,11192
CBAPE,20160518,103.050,103.300,103.050,103.150,7573
CBAPE,20160519,103.100,103.200,102.960,102.960,4806
CBAPE,20160520,103.100,103.300,102.950,103.250,53238
CBAPE,20160523,103.250,103.280,103.050,103.280,5684
CBAPE,20160524,103.100,103.300,102.870,103.100,12543
CBAPE,20160525,103.270,103.300,103.020,103.021,10560
CBAPE,20160526,103.120,103.450,103.020,103.200,8967
CBAPE,20160527,103.250,103.800,103.250,103.800,12582
CBAPE,20160530,103.950,103.950,103.800,103.880,5916
CBAPE,20160531,103.700,103.870,103.301,103.400,15298
CBAPE,20160601,103.301,103.700,103.200,103.260,4917
CBAPE,20160602,103.270,103.700,103.211,103.700,7161
CBAPE,20160603,103.690,103.690,103.317,103.400,8166
CBAPE,20160606,101.610,102.900,101.610,102.600,7163
CBAPE,20160607,102.590,103.000,102.500,102.700,15270
CBAPE,20160608,102.720,103.000,102.710,102.940,5383
CBAPE,20160609,102.920,103.350,102.920,103.200,8147
CBAPE,20160610,103.300,103.410,102.920,103.300,7568
CBAPE,20160614,103.250,103.250,102.720,102.720,9002
CBAPE,20160615,102.730,102.800,102.530,102.650,5990
CBAPE,20160616,102.610,103.000,102.380,103.000,12699
CBAPE,20160617,102.700,102.800,102.000,102.800,8274
CBAPE,20160620,102.800,102.960,102.130,102.960,5051
CBAPE,20160621,102.950,102.960,102.500,102.510,2479
CBAPE,20160622,102.550,103.000,102.500,103.000,4303
CBAPE,20160623,102.800,103.000,102.580,102.999,8761
CBAPE,20160624,102.999,102.999,102.600,102.600,9465
CBAPE,20160627,102.900,102.900,102.310,102.500,6148
CBAPE,20160628,102.500,102.750,102.350,102.600,8356
CBAPE,20160629,102.650,102.700,102.100,102.500,10543
CBAPE,20160630,102.400,102.600,102.120,102.600,8107
CBAPE,20160701,102.600,103.000,102.600,103.000,12506
CBAPE,20160704,103.000,103.000,102.500,102.890,8423
CBAPE,20160705,102.560,103.000,102.450,103.000,9717
CBAPE,20160706,102.999,103.000,102.700,102.999,8458
CBAPE,20160707,102.999,103.000,102.500,103.000,9418
CBAPE,20160708,103.000,103.380,102.760,103.000,16534
CBAPE,20160711,102.990,103.400,102.990,103.000,19805
CBAPE,20160712,103.000,103.440,102.900,103.000,4532
CBAPE,20160713,103.000,103.990,102.910,103.910,10052
CBAPE,20160714,103.900,104.080,103.570,104.000,4636
CBAPE,20160715,104.000,104.000,103.500,103.950,1734
CBAPE,20160718,103.201,104.000,103.201,103.999,7693
CBAPE,20160719,103.999,104.000,103.990,103.990,4692
CBAPE,20160720,103.999,104.000,103.900,104.000,15569
CBAPE,20160721,104.000,104.080,103.860,104.000,8131
CBAPE,20160722,103.950,104.100,103.900,103.900,7944
CBAPE,20160725,103.900,104.500,103.900,104.500,15241
CBAPE,20160726,104.380,104.380,104.000,104.300,1879
CBAPE,20160727,104.300,104.500,103.900,104.000,8243
CBAPE,20160728,103.601,104.488,103.601,104.470,2026
CBAPE,20160729,104.300,104.490,104.300,104.310,1902
CBAPE,20160801,104.490,105.000,104.490,105.000,2910
CBAPE,20160802,104.610,104.940,104.290,104.880,6964
CBAPE,20160803,104.800,105.750,104.720,105.750,6012
CBAPE,20160804,105.580,105.580,105.000,105.529,628
CBAPE,20160805,105.440,105.600,105.050,105.050,2115
CBAPE,20160808,105.400,105.440,104.780,105.000,5185
CBAPE,20160809,105.000,106.900,104.850,106.900,7861
CBAPE,20160810,106.000,106.000,105.401,105.402,9499
CBAPE,20160811,105.470,105.500,105.000,105.400,10386
CBAPE,20160812,105.200,105.890,105.200,105.420,7562
CBAPE,20160815,105.450,105.900,105.450,105.500,1094
CBAPE,20160816,105.500,105.700,104.850,104.850,7822
CBAPE,20160817,105.050,105.050,104.751,104.990,6733
CBAPE,20160818,104.970,105.240,104.970,105.100,5218
CBAPE,20160819,105.100,105.800,105.000,105.549,7621
CBAPE,20160822,105.549,105.899,105.270,105.600,6544
CBAPE,20160823,105.880,105.950,105.500,105.600,4256
CBAPE,20160824,105.661,105.900,105.550,105.650,9299
CBAPE,20160825,105.874,105.874,105.660,105.874,1697
CBAPE,20160826,105.874,106.050,105.874,106.010,8918
CBAPE,20160829,106.000,106.300,106.000,106.200,2564
CBAPE,20160830,106.000,106.500,105.920,106.000,10055
CBAPE,20160831,106.000,106.650,106.000,106.300,7227
CBAPE,20160901,106.550,106.550,105.800,106.000,7164
CBAPE,20160902,106.199,106.199,105.650,105.650,6509
CBAPE,20160905,105.500,106.000,105.100,106.000,2495
CBAPE,20160906,104.900,105.050,104.500,104.710,13172
CBAPE,20160907,105.000,105.050,104.670,104.700,4638
CBAPE,20160908,104.650,105.000,104.620,105.000,5589
CBAPE,20160909,105.000,105.050,104.850,105.050,3118
CBAPE,20160912,104.880,105.250,104.600,104.600,9363
CBAPE,20160913,105.200,105.200,104.700,104.950,6477
CBAPE,20160914,104.710,104.950,104.000,104.000,13994
CBAPE,20160915,104.500,104.850,104.150,104.800,7206
CBAPE,20160916,104.900,105.840,104.650,105.840,3349
CBAPE,20160919,104.700,105.700,104.700,104.800,2909
CBAPE,20160920,104.800,104.900,104.000,104.500,9368
CBAPE,20160921,104.700,104.700,103.800,104.000,8305
CBAPE,20160922,104.000,105.000,103.999,105.000,4730
CBAPE,20160923,105.000,105.050,104.306,104.800,2676
CBAPE,20160926,104.870,105.750,104.280,105.250,8131
CBAPE,20160927,105.000,105.200,104.860,104.900,3991
CBAPE,20160928,105.250,105.250,104.250,105.000,4379
CBAPE,20160929,105.200,105.250,104.600,105.250,3310
CBAPE,20160930,105.250,105.350,105.000,105.350,2152
CBAPE,20161003,105.000,105.350,105.000,105.350,2020
CBAPE,20161004,105.340,106.000,105.080,105.930,4617
CBAPE,20161005,105.890,106.000,105.850,106.000,2524
CBAPE,20161006,105.900,106.350,105.800,106.350,1848
CBAPE,20161007,106.350,106.500,106.300,106.300,1604
CBAPE,20161010,106.450,106.450,105.600,106.420,2233
CBAPE,20161011,106.401,106.401,105.627,105.700,4384
CBAPE,20161012,106.050,106.240,105.800,105.800,4839
CBAPE,20161013,105.650,106.150,105.620,106.150,2810
CBAPE,20161014,106.000,106.350,105.900,106.010,2585
CBAPE,20161017,105.780,106.430,105.570,105.650,5401
CBAPE,20161018,105.750,105.999,105.600,105.999,3893
CBAPE,20161019,105.880,106.898,105.880,106.898,4084
CBAPE,20161020,105.950,107.000,105.950,107.000,3972
CBAPE,20161021,106.900,106.900,106.000,106.600,3568
CBAPE,20161024,106.601,106.601,106.500,106.500,4362
CBAPE,20161025,106.600,106.680,106.008,106.550,7501
CBAPE,20161026,106.580,106.600,106.101,106.600,2035
CBAPE,20161027,106.600,106.690,106.121,106.689,2404
CBAPE,20161028,106.600,106.600,106.263,106.350,3020
CBAPE,20161031,106.350,106.680,106.260,106.527,7821
CBAPE,20161101,106.550,107.080,106.550,107.080,7406
CBAPE,20161102,106.950,106.950,106.600,106.920,2809
CBAPE,20161103,106.920,106.920,106.281,106.489,1742
CBAPE,20161104,106.489,106.489,106.000,106.100,11160
CBAPE,20161107,106.100,106.400,105.950,105.950,3614
CBAPE,20161108,106.000,106.250,105.700,106.000,9152
CBAPE,20161109,106.000,106.000,105.500,105.500,2344
CBAPE,20161110,106.000,106.000,105.510,105.950,21003
CBAPE,20161111,105.860,106.000,105.660,105.980,16778
CBAPE,20161114,105.980,105.980,105.700,105.910,11772
CBAPE,20161115,105.980,106.100,105.910,106.100,10945
CBAPE,20161116,106.100,106.100,105.950,106.000,5533
CBAPE,20161117,106.000,106.150,105.910,106.150,7333
CBAPE,20161118,105.920,106.180,105.920,106.180,6570
CBAPE,20161121,106.180,106.450,106.150,106.160,6590
CBAPE,20161122,106.250,106.980,106.100,106.980,6329
CBAPE,20161123,106.750,106.980,106.014,106.014,13159
CBAPE,20161124,106.450,106.970,106.450,106.850,4588
CBAPE,20161125,106.850,106.900,106.550,106.890,9110
CBAPE,20161128,106.839,106.900,106.500,106.734,6550
CBAPE,20161129,106.750,106.750,106.500,106.600,7598
CBAPE,20161130,106.600,106.970,106.450,106.900,9838
CBAPE,20161201,106.900,107.050,106.797,106.850,10626
CBAPE,20161202,106.800,107.350,106.800,107.300,8823
CBAPE,20161205,106.701,107.750,106.700,107.101,5388
CBAPE,20161206,106.490,107.949,105.700,105.810,8685
CBAPE,20161207,105.987,106.479,105.987,106.000,16677
CBAPE,20161208,106.010,106.399,106.010,106.390,3992
CBAPE,20161209,106.400,107.500,106.400,107.100,5669
CBAPE,20161212,107.100,107.400,106.640,106.990,4813
CBAPE,20161213,107.000,107.500,106.890,107.350,3852
CBAPE,20161214,107.198,107.198,106.510,106.750,6052
CBAPE,20161215,106.560,106.600,106.000,106.101,12837
CBAPE,20161216,106.480,106.970,106.050,106.400,5846
CBAPE,20161219,107.000,107.340,106.850,107.000,32508
CBAPE,20161220,107.140,107.140,106.000,107.090,17677
CBAPE,20161221,107.100,107.500,107.000,107.000,18323
CBAPE,20161222,107.000,108.250,107.000,107.250,4441
CBAPE,20161223,107.250,108.250,107.000,107.900,5430
CBAPE,20161228,107.900,107.900,107.000,107.000,238
CBAPE,20161229,107.850,107.850,107.000,107.000,745
CBAPE,20161230,107.850,107.850,107.000,107.200,215
CBAPE,20170103,107.900,107.900,107.000,107.890,2552
CBAPE,20170104,107.890,107.900,107.100,107.100,1590
CBAPE,20170105,107.719,107.719,107.100,107.110,4548
CBAPE,20170106,107.565,107.789,107.365,107.433,1712
CBAPE,20170109,107.700,107.850,107.600,107.700,4866
CBAPE,20170110,107.530,108.250,107.530,108.250,2764
CBAPE,20170111,108.000,108.000,107.113,107.302,11700
CBAPE,20170112,107.200,107.200,106.553,106.602,14131
CBAPE,20170113,106.500,106.795,105.870,106.199,26568
CBAPE,20170116,106.100,106.490,106.100,106.200,5818
CBAPE,20170117,106.200,106.350,106.100,106.350,4128
CBAPE,20170118,106.350,106.500,106.120,106.120,15101
CBAPE,20170119,106.120,106.250,106.091,106.199,12793
CBAPE,20170120,106.200,106.240,106.000,106.020,10622
CBAPE,20170123,106.150,107.000,106.000,106.500,9840
CBAPE,20170124,106.250,106.900,106.171,106.800,3747
CBAPE,20170125,106.700,107.100,106.560,107.100,11560
CBAPE,20170127,107.100,107.490,106.673,107.000,7262
CBAPE,20170130,107.000,107.000,106.421,106.455,9564
CBAPE,20170131,106.450,108.000,106.428,107.890,13983
CBAPE,20170201,106.610,107.000,106.511,106.800,4758
CBAPE,20170202,106.671,107.000,106.671,107.000,7801
CBAPE,20170203,106.998,107.000,106.670,106.670,4958
CBAPE,20170206,106.820,106.900,106.600,106.900,2466
CBAPE,20170207,106.800,107.000,106.701,106.705,3725
CBAPE,20170208,106.652,106.850,106.600,106.600,6195
CBAPE,20170209,106.600,106.600,106.200,106.450,10567
CBAPE,20170210,106.450,106.460,106.300,106.400,11764
CBAPE,20170213,106.300,106.900,106.200,106.200,11329
CBAPE,20170214,106.302,106.790,106.250,106.350,5672
CBAPE,20170215,106.500,106.950,106.296,106.950,9183
CBAPE,20170216,106.950,107.480,106.950,107.290,7413
CBAPE,20170217,107.250,107.400,107.000,107.300,3301
CBAPE,20170220,107.000,107.000,106.550,106.550,7483
CBAPE,20170221,107.000,107.050,106.660,106.900,6345
CBAPE,20170222,107.000,107.250,106.821,106.900,6360
CBAPE,20170223,106.899,107.000,106.850,106.950,6216
CBAPE,20170224,107.000,107.000,106.810,107.000,15337
CBAPE,20170227,107.001,107.399,106.712,106.720,15893
CBAPE,20170228,106.780,107.200,106.780,106.810,5907
CBAPE,20170301,107.100,107.100,106.700,106.887,7549
CBAPE,20170302,107.260,107.490,107.000,107.490,8202
CBAPE,20170303,107.400,107.850,107.370,107.550,8880
CBAPE,20170306,106.000,106.399,105.650,105.950,8371
CBAPE,20170307,106.000,106.100,105.712,106.100,7927
CBAPE,20170308,105.761,106.350,105.761,106.100,3969
CBAPE,20170309,106.150,106.150,105.730,106.000,7287
CBAPE,20170310,106.310,107.100,106.310,107.100,15041
CBAPE,20170313,107.100,107.800,106.500,107.000,7287
CBAPE,20170314,106.900,106.900,105.960,106.000,15783
CBAPE,20170315,106.000,106.439,105.910,105.910,9778
CBAPE,20170316,106.100,106.340,105.950,106.000,8590
CBAPE,20170317,106.000,106.250,105.970,106.000,6419
CBAPE,20170320,106.000,106.419,105.950,105.951,5587
CBAPE,20170321,106.050,106.050,105.760,105.900,5418
CBAPE,20170322,105.820,106.000,105.790,105.790,3908
CBAPE,20170323,105.752,106.000,105.569,106.000,13061
CBAPE,20170324,105.800,106.000,105.800,106.000,12549
CBAPE,20170327,106.000,106.000,105.819,106.000,8957
CBAPE,20170328,106.000,106.000,105.830,106.000,6450
CBAPE,20170329,106.000,106.000,105.990,106.000,28256
CBAPE,20170330,105.990,106.050,105.990,106.050,11837
CBAPE,20170331,106.040,106.100,106.000,106.100,29205
CBAPE,20170403,106.100,106.150,106.000,106.000,11391
CBAPE,20170404,106.050,106.100,105.910,106.000,10549
CBAPE,20170405,106.080,106.150,105.950,106.150,9424
CBAPE,20170406,106.140,106.150,106.040,106.100,6202
CBAPE,20170407,106.200,106.400,106.200,106.400,5450
CBAPE,20170410,106.400,107.000,106.300,107.000,10749
CBAPE,20170411,106.400,107.100,106.400,107.000,2296
CBAPE,20170412,107.000,107.000,106.550,106.650,2940
CBAPE,20170413,106.750,108.000,106.650,107.800,12320
CBAPE,20170418,107.750,107.750,107.160,107.260,4599
CBAPE,20170419,107.261,107.390,107.150,107.390,5040
CBAPE,20170420,107.250,107.450,106.650,106.750,13228
CBAPE,20170421,106.999,107.150,106.540,107.000,37470
CBAPE,20170424,107.100,107.100,106.700,107.000,5920
CBAPE,20170426,107.100,107.190,106.800,107.000,17878
CBAPE,20170427,106.900,107.000,106.850,106.850,5170
CBAPE,20170428,106.800,107.000,106.760,106.820,4691
CBAPE,20170501,106.830,107.200,106.830,107.150,6492
CBAPE,20170502,107.200,107.700,107.150,107.500,9852
CBAPE,20170503,107.680,107.970,107.500,107.970,6250
CBAPE,20170504,107.980,108.000,107.600,107.600,8043
CBAPE,20170505,107.980,107.980,107.500,107.599,12893
CBAPE,20170508,107.610,108.180,107.400,108.150,8257
CBAPE,20170509,107.651,107.979,107.000,107.650,8393
CBAPE,20170510,107.650,107.980,107.420,107.900,4789
CBAPE,20170511,107.800,108.180,107.620,107.950,2420
CBAPE,20170512,108.180,108.250,108.000,108.177,6417
CBAPE,20170515,107.800,108.170,107.750,108.170,6540
CBAPE,20170516,108.170,108.330,108.000,108.000,5997
CBAPE,20170517,108.000,108.160,108.000,108.160,4363
CBAPE,20170518,108.000,108.160,108.000,108.150,3383
CBAPE,20170519,108.000,108.150,107.700,107.770,8674
CBAPE,20170522,107.760,107.900,107.570,107.600,12310
CBAPE,20170523,107.601,108.000,107.571,108.000,9113
CBAPE,20170524,107.900,108.330,107.900,108.180,5287
CBAPE,20170525,108.180,108.350,108.180,108.350,4283
CBAPE,20170526,108.400,108.600,108.400,108.550,15447
CBAPE,20170529,108.400,108.680,108.140,108.500,4615
CBAPE,20170530,108.488,108.590,108.400,108.400,11688
CBAPE,20170531,108.450,108.450,108.250,108.420,3413
CBAPE,20170601,108.430,108.430,108.430,108.430,916
CBAPE,20170602,108.350,108.390,107.840,108.300,4500
CBAPE,20170605,108.290,108.300,107.920,108.150,8960
CBAPE,20170606,106.300,107.090,106.300,106.550,14816
CBAPE,20170607,106.500,106.950,106.500,106.860,9623
CBAPE,20170608,106.700,106.850,106.600,106.600,5370
CBAPE,20170609,106.680,106.758,105.580,105.580,18017
CBAPE,20170613,105.600,105.600,104.920,105.000,28882
CBAPE,20170614,105.046,105.478,105.000,105.250,10422
CBAPE,20170615,105.260,105.918,105.260,105.800,7665
CBAPE,20170616,105.850,105.940,105.653,105.900,9563
CBAPE,20170619,105.880,105.930,105.602,105.602,5731
CBAPE,20170620,105.611,106.480,105.610,106.480,5336
CBAPE,20170621,106.000,106.200,105.800,106.200,2544
CBAPE,20170622,105.700,106.100,105.600,106.100,12216
CBAPE,20170623,105.600,106.250,105.600,106.250,3740
CBAPE,20170626,105.850,106.300,105.800,105.901,10924
CBAPE,20170627,105.901,106.419,105.900,106.419,7996
CBAPE,20170628,106.500,106.699,106.200,106.500,5533
CBAPE,20170629,106.550,107.750,106.550,107.750,3093
CBAPE,20170630,107.200,107.500,107.000,107.500,2840
CBAPE,20170703,107.500,108.000,107.500,107.690,3336
CBAPE,20170704,107.900,108.100,107.591,108.100,6952
CBAPE,20170705,108.000,108.098,107.800,107.950,3327
CBAPE,20170706,107.950,108.100,107.621,108.100,2339
CBAPE,20170707,107.700,108.050,107.651,108.050,1100
CBAPE,20170710,107.700,108.100,107.650,108.100,3322
CBAPE,20170711,108.100,108.100,107.770,107.801,7950
CBAPE,20170712,107.851,108.400,107.851,108.000,5011
CBAPE,20170713,108.000,108.260,107.800,108.000,4713
CBAPE,20170714,107.800,108.000,107.730,107.730,8529
CBAPE,20170717,107.770,107.800,107.700,107.700,5961
CBAPE,20170718,107.800,107.800,107.500,107.500,6018
CBAPE,20170719,107.400,107.800,107.150,107.210,5370
CBAPE,20170720,107.313,107.650,107.313,107.650,7099
CBAPE,20170721,107.680,107.950,107.351,107.409,8541
CBAPE,20170724,107.849,107.849,107.511,107.511,3754
CBAPE,20170725,107.522,107.700,107.510,107.510,3847
CBAPE,20170726,107.511,107.649,107.511,107.639,5521
CBAPE,20170727,107.600,107.630,107.501,107.506,6447
CBAPE,20170728,107.630,107.640,107.500,107.500,9407
CBAPE,20170731,107.410,107.600,107.300,107.600,3936
CBAPE,20170801,107.351,107.920,107.351,107.900,4758
CBAPE,20170802,107.900,107.920,107.600,107.600,3174
CBAPE,20170803,107.600,107.900,107.370,107.819,5892
CBAPE,20170804,107.350,107.350,106.561,107.000,15379
CBAPE,20170807,107.000,107.000,106.250,106.650,57942
CBAPE,20170808,106.650,106.990,106.325,106.800,13247
CBAPE,20170809,106.950,106.950,106.410,106.410,58993
CBAPE,20170810,106.480,106.950,106.480,106.550,6891
CBAPE,20170811,106.510,106.750,106.460,106.462,6222
CBAPE,20170814,106.500,106.750,106.500,106.550,5168
CBAPE,20170815,106.600,106.800,106.500,106.563,5649
CBAPE,20170816,106.600,106.970,106.500,106.970,4982
CBAPE,20170817,106.990,107.250,106.880,106.880,4091
CBAPE,20170818,107.200,107.200,107.000,107.000,5895
CBAPE,20170821,106.990,107.250,106.990,107.250,10699
CBAPE,20170822,107.468,107.468,106.920,106.920,4242
CBAPE,20170823,106.950,107.390,106.950,107.100,4122
CBAPE,20170824,107.350,107.350,107.000,107.100,8826
CBAPE,20170825,107.100,107.600,107.070,107.550,7642
CBAPE,20170828,107.291,107.840,107.200,107.400,9593
CBAPE,20170829,107.830,107.830,107.300,107.390,7331
CBAPE,20170830,107.302,107.748,107.302,107.391,3096
CBAPE,20170831,107.790,107.840,107.400,107.421,6981
CBAPE,20170901,107.500,107.890,107.500,107.890,5609
CBAPE,20170904,107.691,107.800,107.570,107.660,5887
CBAPE,20170905,107.520,107.699,107.200,107.260,17903
CBAPE,20170906,106.000,106.000,105.701,105.720,8731
CBAPE,20170907,105.999,106.295,105.950,106.200,8789
CBAPE,20170908,106.280,106.750,106.000,106.550,12830
CBAPE,20170911,106.206,106.700,106.203,106.700,7439
CBAPE,20170912,106.720,106.850,106.570,106.820,6657
CBAPE,20170913,106.820,106.930,106.820,106.820,4449
CBAPE,20170914,106.800,107.100,106.570,107.000,4233
CBAPE,20170915,107.100,107.100,106.811,106.880,4549
CBAPE,20170918,107.000,107.100,106.700,106.700,5675
CBAPE,20170919,106.740,107.150,106.701,107.150,6140
CBAPE,20170920,107.170,107.170,106.750,107.019,2609
CBAPE,20170921,107.019,107.190,106.540,107.100,13554
CBAPE,20170922,107.150,107.300,107.010,107.150,3293
CBAPE,20170925,106.810,107.150,106.780,107.150,4661
CBAPE,20170926,106.800,107.290,106.760,106.760,7547
CBAPE,20170927,106.700,107.810,106.700,107.810,8323
CBAPE,20170928,107.810,107.810,107.011,107.106,4796
CBAPE,20170929,107.400,107.499,107.300,107.499,4576
CBAPE,20171002,107.550,107.590,107.150,107.150,3537
CBAPE,20171003,107.499,107.750,107.361,107.361,3280
CBAPE,20171004,107.750,107.750,107.270,107.399,6884
CBAPE,20171005,107.399,107.399,106.950,106.950,12660
CBAPE,20171006,106.810,107.500,106.810,107.480,12473
CBAPE,20171009,107.460,107.650,107.042,107.101,11280
CBAPE,20171010,107.400,107.400,107.200,107.211,3193
CBAPE,20171011,107.200,107.580,107.100,107.500,7385
CBAPE,20171012,107.500,107.500,107.172,107.270,3808
CBAPE,20171013,107.350,107.890,107.350,107.890,6236
CBAPE,20171016,107.360,107.820,107.340,107.790,3299
CBAPE,20171017,107.550,107.880,107.550,107.800,4911
CBAPE,20171018,107.800,107.978,107.700,107.900,5017
CBAPE,20171019,107.790,107.998,107.500,107.998,5933
CBAPE,20171020,107.980,108.000,107.410,107.410,13539
CBAPE,20171023,107.440,107.980,107.321,107.649,12694
CBAPE,20171024,107.370,107.960,107.370,107.849,8215
CBAPE,20171025,107.950,107.950,107.600,107.890,2074
CBAPE,20171026,107.600,108.100,107.600,107.801,4567
CBAPE,20171027,108.100,108.100,107.800,107.999,4692
CBAPE,20171030,107.800,108.019,107.600,107.850,1500
CBAPE,20171031,107.850,108.230,107.810,108.220,4263
CBAPE,20171101,108.220,108.380,108.001,108.150,4545
CBAPE,20171102,108.100,108.440,108.100,108.430,2799
CBAPE,20171103,108.500,108.700,108.170,108.181,5542
CBAPE,20171106,108.300,108.700,108.300,108.500,4082
CBAPE,20171107,108.900,108.980,108.500,108.700,2248
CBAPE,20171108,108.701,108.960,108.350,108.649,9409
CBAPE,20171109,108.420,108.609,108.250,108.479,10347
CBAPE,20171110,108.500,108.500,108.300,108.500,8926
CBAPE,20171113,108.647,109.000,108.410,108.651,8213
CBAPE,20171114,108.999,109.000,108.660,108.940,4196
CBAPE,20171115,108.700,108.700,108.510,108.700,4578
CBAPE,20171116,108.550,108.550,108.300,108.400,12905
CBAPE,20171117,108.360,108.400,108.150,108.300,7558
CBAPE,20171120,108.300,108.400,108.150,108.200,4715
CBAPE,20171121,108.290,108.440,108.151,108.440,9328
CBAPE,20171122,108.158,108.289,108.151,108.250,4042
CBAPE,20171123,108.200,108.300,108.190,108.300,7947
CBAPE,20171124,108.191,108.300,108.190,108.300,2176
CBAPE,20171127,108.200,108.450,107.952,108.050,9097
CBAPE,20171128,108.300,108.350,108.010,108.040,4695
CBAPE,20171129,108.110,108.199,108.020,108.051,5859
CBAPE,20171130,108.040,108.300,108.040,108.200,7284
CBAPE,20171201,108.200,108.350,108.200,108.350,5056
CBAPE,20171204,108.320,108.600,108.320,108.400,3508
CBAPE,20171205,108.400,108.988,108.351,108.352,7257
CBAPE,20171206,107.438,107.438,107.051,107.330,5537
CBAPE,20171207,107.200,107.300,106.750,106.750,8177
CBAPE,20171208,107.300,107.400,106.750,106.800,8437
CBAPE,20171211,106.821,107.140,106.800,106.950,9941
CBAPE,20171212,107.130,107.230,106.800,106.950,7802
CBAPE,20171213,106.951,107.003,106.951,107.000,18675
CBAPE,20171214,106.980,107.000,106.980,107.000,10314
CBAPE,20171215,107.000,107.380,106.900,107.000,17696
CBAPE,20171218,107.360,107.460,107.000,107.100,6259
CBAPE,20171219,107.100,107.460,107.100,107.220,4644
CBAPE,20171220,107.450,107.700,107.330,107.700,2812
CBAPE,20171221,107.679,107.800,107.330,107.700,8002
CBAPE,20171222,107.800,108.000,107.335,107.800,10269
CBAPE,20171227,107.422,107.800,107.422,107.800,4340
CBAPE,20171228,107.850,108.200,107.850,108.200,2126
CBAPE,20171229,108.000,108.180,107.860,108.180,1011
CBAPE,20180102,108.000,108.300,107.920,108.240,3381
CBAPE,20180103,108.100,108.170,108.100,108.100,3300
CBAPE,20180104,108.001,108.150,107.910,107.950,7294
CBAPE,20180105,108.120,108.120,107.652,108.000,11735
CBAPE,20180108,108.000,108.000,107.850,107.960,2841
CBAPE,20180109,108.000,108.220,108.000,108.220,5235
CBAPE,20180110,108.000,108.450,107.872,108.090,1571
CBAPE,20180111,108.060,108.200,108.051,108.200,2109
CBAPE,20180112,108.200,108.800,108.200,108.260,3530
CBAPE,20180115,108.261,108.350,108.220,108.220,5403
CBAPE,20180116,108.220,108.400,108.200,108.400,3149
CBAPE,20180117,108.400,108.750,108.300,108.300,2001
CBAPE,20180118,108.600,108.730,108.281,108.350,3311
CBAPE,20180119,108.361,108.479,108.330,108.330,5133
CBAPE,20180122,108.450,109.020,108.330,108.968,7747
CBAPE,20180123,108.960,108.960,108.451,108.799,6752
CBAPE,20180124,108.550,108.790,108.470,108.700,2148
CBAPE,20180125,108.600,108.700,108.550,108.550,4540
CBAPE,20180129,108.530,108.700,108.530,108.700,1094
CBAPE,20180130,108.600,108.700,108.450,108.500,8312
CBAPE,20180131,108.500,108.690,108.340,108.690,5323
CBAPE,20180201,108.680,108.700,108.401,108.699,2948
CBAPE,20180202,108.520,108.700,108.520,108.521,5409
CBAPE,20180205,108.520,108.600,108.360,108.370,6286
CBAPE,20180206,108.370,108.450,108.150,108.213,4804
CBAPE,20180207,108.150,108.300,107.920,108.100,9732
CBAPE,20180208,108.012,108.520,108.012,108.520,3482
CBAPE,20180209,108.490,108.500,107.400,107.590,26311
CBAPE,20180212,107.631,107.849,107.600,107.750,12743
CBAPE,20180213,107.620,107.850,107.600,107.700,5907
CBAPE,20180214,107.630,107.850,107.620,107.620,3149
CBAPE,20180215,107.710,107.730,107.630,107.710,2386
CBAPE,20180216,107.750,107.900,107.720,107.730,2545
CBAPE,20180219,107.740,107.900,107.700,107.890,2244
CBAPE,20180220,107.790,107.790,107.680,107.750,6773
CBAPE,20180221,107.770,108.000,107.770,108.000,3495
CBAPE,20180222,108.000,108.000,107.800,107.850,2894
CBAPE,20180223,107.900,108.000,107.770,108.000,4946
CBAPE,20180226,107.760,107.800,107.600,107.610,4643
CBAPE,20180227,107.670,107.800,107.640,107.670,8285
CBAPE,20180228,107.680,108.400,107.680,108.390,6546
CBAPE,20180301,107.820,108.390,107.810,108.050,2257
CBAPE,20180302,108.080,108.100,107.850,108.000,15189
CBAPE,20180305,108.000,108.000,107.670,107.720,7645
CBAPE,20180306,107.200,107.500,106.221,106.221,9535
CBAPE,20180307,106.200,106.200,105.812,105.900,17525
CBAPE,20180308,105.800,106.003,105.800,106.003,21837
CBAPE,20180309,105.970,106.000,105.650,105.850,16583
CBAPE,20180312,106.051,106.380,105.880,105.961,6947
CBAPE,20180313,105.900,106.128,105.600,105.630,3889
CBAPE,20180314,105.600,105.600,105.090,105.090,8068
CBAPE,20180315,105.009,105.200,104.740,105.200,6299
CBAPE,20180316,105.150,105.850,105.020,105.850,8559
CBAPE,20180319,105.900,105.900,105.350,105.600,11525
CBAPE,20180320,105.600,105.840,104.900,105.270,20951
CBAPE,20180321,105.330,105.499,104.900,104.900,7972
CBAPE,20180322,105.000,105.000,104.870,104.900,9840
CBAPE,20180323,105.199,105.199,104.900,105.149,5751
