CBAPD,20141002,97.000,97.350,96.940,97.100,115849
CBAPD,20141003,97.100,98.100,97.100,97.980,47297
CBAPD,20141006,98.490,98.490,97.980,97.980,14480
CBAPD,20141007,98.100,98.350,97.900,98.150,47679
CBAPD,20141008,98.000,98.000,97.580,97.990,27294
CBAPD,20141009,97.990,98.300,97.800,98.300,35986
CBAPD,20141010,98.000,98.249,97.600,98.000,36627
CBAPD,20141013,97.990,98.200,97.700,98.000,28141
CBAPD,20141014,98.150,98.200,98.000,98.180,13781
CBAPD,20141015,98.000,98.180,97.800,98.000,16885
CBAPD,20141016,98.000,98.000,97.300,97.350,20512
CBAPD,20141017,97.450,97.700,97.190,97.350,20866
CBAPD,20141020,97.460,97.600,97.000,97.450,33442
CBAPD,20141021,97.500,97.500,96.990,97.000,26421
CBAPD,20141022,97.000,97.190,96.850,97.000,19728
CBAPD,20141023,97.000,97.450,96.950,97.390,15044
CBAPD,20141024,97.000,97.500,96.960,97.390,24190
CBAPD,20141027,97.500,97.900,97.390,97.390,14571
CBAPD,20141028,97.500,97.750,97.300,97.300,10767
CBAPD,20141029,97.500,97.820,97.300,97.799,23788
CBAPD,20141030,97.750,97.800,97.450,97.600,103217
CBAPD,20141031,97.550,97.620,97.301,97.500,11685
CBAPD,20141103,97.301,97.500,97.001,97.020,15129
CBAPD,20141104,97.150,97.300,96.900,97.000,20937
CBAPD,20141105,97.000,97.398,96.930,97.360,14547
CBAPD,20141106,97.201,97.600,97.200,97.500,29321
CBAPD,20141107,97.399,97.500,97.000,97.500,23148
CBAPD,20141110,97.499,97.600,97.300,97.400,14068
CBAPD,20141111,97.390,97.570,97.101,97.201,25676
CBAPD,20141112,97.500,97.550,97.300,97.500,17187
CBAPD,20141113,97.501,97.501,97.200,97.400,10939
CBAPD,20141114,97.400,97.500,97.200,97.380,11218
CBAPD,20141117,97.500,97.650,97.101,97.500,18329
CBAPD,20141118,97.480,97.500,97.300,97.450,11988
CBAPD,20141119,97.500,97.530,97.200,97.450,29031
CBAPD,20141120,97.500,97.640,97.450,97.490,16561
CBAPD,20141121,97.550,97.610,97.400,97.450,12341
CBAPD,20141124,97.500,97.550,97.320,97.320,11258
CBAPD,20141125,97.410,97.570,97.200,97.250,18982
CBAPD,20141126,97.250,97.500,97.000,97.099,34611
CBAPD,20141127,97.099,97.200,96.900,96.950,21088
CBAPD,20141128,96.921,97.348,96.750,96.900,36466
CBAPD,20141201,96.930,96.999,96.100,96.270,32456
CBAPD,20141202,96.500,96.600,96.050,96.200,20071
CBAPD,20141203,95.850,96.150,95.450,95.850,87508
CBAPD,20141204,95.550,95.850,95.450,95.450,23048
CBAPD,20141205,95.500,95.800,94.960,95.010,21208
CBAPD,20141208,95.400,95.800,95.100,95.600,27525
CBAPD,20141209,95.600,95.900,95.300,95.500,27568
CBAPD,20141210,95.200,95.500,95.020,95.200,42643
CBAPD,20141211,95.450,95.600,95.300,95.500,30158
CBAPD,20141212,95.550,95.750,95.160,95.660,19154
CBAPD,20141215,95.600,95.850,95.500,95.500,17191
CBAPD,20141216,95.500,95.900,95.500,95.600,36770
CBAPD,20141217,95.740,96.200,95.400,96.200,35557
CBAPD,20141218,96.250,97.190,96.000,96.620,26126
CBAPD,20141219,96.990,97.100,96.510,96.750,19914
CBAPD,20141222,97.100,97.340,96.750,97.110,19364
CBAPD,20141223,97.300,97.500,97.150,97.500,15275
CBAPD,20141224,97.250,97.740,97.110,97.500,14752
CBAPD,20141229,97.140,97.740,97.140,97.400,4219
CBAPD,20141230,97.410,97.500,97.310,97.360,5202
CBAPD,20141231,97.430,97.700,97.410,97.700,7824
CBAPD,20150102,97.500,97.700,97.400,97.600,4470
CBAPD,20150105,97.600,97.650,97.400,97.650,9767
CBAPD,20150106,97.650,97.650,97.410,97.600,11256
CBAPD,20150107,97.503,97.650,97.400,97.600,6486
CBAPD,20150108,97.600,97.950,97.500,97.510,9455
CBAPD,20150109,97.450,97.850,97.400,97.500,6745
CBAPD,20150112,97.510,97.550,97.400,97.500,18145
CBAPD,20150113,97.500,97.600,97.390,97.550,15832
CBAPD,20150114,97.490,97.820,97.490,97.510,19259
CBAPD,20150115,97.500,97.800,97.410,97.420,13463
CBAPD,20150116,97.450,97.800,97.450,97.510,9066
CBAPD,20150119,97.600,97.900,97.500,97.900,19006
CBAPD,20150120,97.799,97.950,97.500,97.880,39577
CBAPD,20150121,97.840,97.840,97.200,97.250,27192
CBAPD,20150122,97.250,97.300,97.020,97.060,29148
CBAPD,20150123,97.300,97.450,96.950,97.120,23086
CBAPD,20150127,96.890,97.120,95.890,95.890,22780
CBAPD,20150128,95.900,96.350,95.050,95.800,22739
CBAPD,20150129,95.520,96.000,95.500,96.000,13394
CBAPD,20150130,95.700,96.000,95.650,96.000,25732
CBAPD,20150202,96.000,96.000,95.500,95.900,16036
CBAPD,20150203,95.900,96.000,95.600,95.750,12999
CBAPD,20150204,95.800,96.000,95.630,95.700,17715
CBAPD,20150205,95.800,96.450,95.700,95.800,20921
CBAPD,20150206,95.800,96.250,95.700,96.020,23291
CBAPD,20150209,96.020,96.300,95.910,96.100,15186
CBAPD,20150210,96.390,96.800,96.100,96.800,29678
CBAPD,20150211,96.690,96.700,96.140,96.540,28292
CBAPD,20150212,96.600,96.983,96.600,96.940,15212
CBAPD,20150213,96.950,96.980,96.400,96.630,33267
CBAPD,20150216,96.650,96.700,96.301,96.301,15557
CBAPD,20150217,96.500,96.720,96.340,96.390,24937
CBAPD,20150218,96.550,96.890,96.360,96.650,12082
CBAPD,20150219,96.500,96.800,96.440,96.500,19097
CBAPD,20150220,96.600,96.950,96.450,96.847,28646
CBAPD,20150223,96.850,96.950,96.450,96.870,13324
CBAPD,20150224,96.880,96.950,96.500,96.500,22145
CBAPD,20150225,96.850,96.850,96.450,96.500,23208
CBAPD,20150226,96.500,96.600,96.380,96.410,34279
CBAPD,20150227,96.410,96.450,95.860,96.400,25342
CBAPD,20150302,96.020,96.350,96.020,96.110,24100
CBAPD,20150303,96.200,96.760,96.000,96.750,31524
CBAPD,20150304,95.890,96.390,95.410,96.000,48411
CBAPD,20150305,96.190,96.350,95.820,96.010,29546
CBAPD,20150306,96.000,96.100,95.880,96.000,72986
CBAPD,20150309,96.100,96.100,95.510,95.730,14701
CBAPD,20150310,95.550,95.550,95.350,95.550,13471
CBAPD,20150311,95.550,95.550,95.180,95.180,18229
CBAPD,20150312,95.200,96.000,95.200,95.920,19527
CBAPD,20150313,95.600,95.950,95.500,95.650,37872
CBAPD,20150316,95.790,95.790,95.220,95.350,23788
CBAPD,20150317,95.340,95.350,95.150,95.280,27426
CBAPD,20150318,95.200,95.400,95.200,95.200,7691
CBAPD,20150319,95.350,95.680,95.000,95.400,27862
CBAPD,20150320,95.151,95.650,95.060,95.250,18460
CBAPD,20150323,95.250,95.290,95.000,95.000,17591
CBAPD,20150324,95.200,95.200,94.800,95.060,28616
CBAPD,20150325,95.000,95.290,94.800,95.260,25103
CBAPD,20150326,95.260,95.450,94.950,95.150,24206
CBAPD,20150327,95.300,95.670,95.000,95.170,23780
CBAPD,20150330,95.180,95.600,95.180,95.550,20500
CBAPD,20150331,95.560,95.590,95.220,95.580,22932
CBAPD,20150401,95.260,95.500,95.000,95.200,16459
CBAPD,20150402,95.490,95.490,95.200,95.350,16688
CBAPD,20150407,95.350,95.500,95.350,95.400,32160
CBAPD,20150408,95.399,95.470,95.100,95.470,19841
CBAPD,20150409,95.350,95.350,95.110,95.300,35837
CBAPD,20150410,95.200,95.350,95.160,95.330,22881
CBAPD,20150413,95.300,95.400,95.200,95.400,13981
CBAPD,20150414,95.300,95.400,95.200,95.300,28527
CBAPD,20150415,95.300,95.330,95.160,95.330,41313
CBAPD,20150416,95.390,95.450,95.220,95.450,24664
CBAPD,20150417,95.450,95.480,95.220,95.480,34198
CBAPD,20150420,95.490,95.750,95.300,95.690,36951
CBAPD,20150421,95.690,95.740,95.450,95.730,21638
CBAPD,20150422,95.750,95.930,95.600,95.700,16752
CBAPD,20150423,95.900,96.000,95.700,95.950,20083
CBAPD,20150424,95.950,96.000,95.580,95.690,40820
CBAPD,20150427,95.690,95.800,95.500,95.649,19157
CBAPD,20150428,95.600,95.790,95.560,95.750,26042
CBAPD,20150429,95.800,95.800,95.500,95.550,36338
CBAPD,20150430,95.750,95.750,95.100,95.150,32694
CBAPD,20150501,95.210,95.210,95.000,95.000,21504
CBAPD,20150504,95.110,95.350,95.000,95.050,26690
CBAPD,20150505,95.150,95.500,94.500,94.680,29976
CBAPD,20150506,94.730,95.380,94.710,94.760,28524
CBAPD,20150507,94.700,94.700,93.500,94.450,68146
CBAPD,20150508,94.200,94.440,93.900,94.440,33872
CBAPD,20150511,94.010,94.379,93.610,94.250,49833
CBAPD,20150512,93.950,94.000,93.751,93.960,26552
CBAPD,20150513,93.960,94.000,93.700,93.950,28826
CBAPD,20150514,93.890,94.300,93.890,94.250,56505
CBAPD,20150515,94.300,94.490,94.020,94.350,27711
CBAPD,20150518,93.960,94.400,93.960,94.350,15542
CBAPD,20150519,94.400,94.400,94.000,94.400,28595
CBAPD,20150520,94.400,94.490,94.000,94.480,20795
CBAPD,20150521,94.480,94.500,94.200,94.320,21333
CBAPD,20150522,94.320,94.500,93.930,94.150,34392
CBAPD,20150525,94.150,94.480,94.000,94.200,23038
CBAPD,20150526,94.300,94.550,94.210,94.302,43213
CBAPD,20150527,94.351,94.920,94.351,94.900,14148
CBAPD,20150528,94.740,95.000,94.510,94.800,25393
CBAPD,20150529,94.751,95.050,94.750,95.040,32897
CBAPD,20150601,95.000,95.040,94.750,94.901,13963
CBAPD,20150602,94.990,94.990,94.450,94.580,37216
CBAPD,20150603,93.750,93.930,93.500,93.730,30494
CBAPD,20150604,93.790,93.800,93.480,93.790,41969
CBAPD,20150605,93.750,94.090,93.750,93.800,45360
CBAPD,20150609,93.780,93.780,93.360,93.500,20209
CBAPD,20150610,93.599,93.700,93.271,93.350,27552
CBAPD,20150611,93.300,93.350,92.500,92.900,43122
CBAPD,20150612,92.800,92.900,92.450,92.700,34084
CBAPD,20150615,92.700,92.849,92.450,92.650,44266
CBAPD,20150616,92.600,92.750,92.221,92.511,37807
CBAPD,20150617,92.500,92.700,92.230,92.600,41044
CBAPD,20150618,92.550,92.700,92.150,92.700,49151
CBAPD,20150619,92.400,92.600,91.950,92.469,34546
CBAPD,20150622,92.399,92.550,92.081,92.151,13679
CBAPD,20150623,92.220,92.630,92.200,92.590,49225
CBAPD,20150624,92.600,92.790,92.500,92.700,51937
CBAPD,20150625,92.700,92.700,92.200,92.200,53319
CBAPD,20150626,92.150,92.250,91.920,91.920,31416
CBAPD,20150629,92.050,92.050,90.610,90.761,29170
CBAPD,20150630,90.780,90.980,90.390,90.750,78622
CBAPD,20150701,91.190,92.760,91.190,92.760,16080
CBAPD,20150702,92.800,92.990,92.600,92.800,38824
CBAPD,20150703,92.850,93.490,92.850,92.990,19187
CBAPD,20150706,92.850,93.300,92.850,92.900,24085
CBAPD,20150707,92.900,93.390,92.900,93.339,19749
CBAPD,20150708,93.380,93.380,93.000,93.100,17627
CBAPD,20150709,93.090,93.090,92.520,92.700,17955
CBAPD,20150710,92.700,93.300,92.700,93.300,15696
CBAPD,20150713,93.300,93.520,93.300,93.500,15135
CBAPD,20150714,93.350,93.400,93.100,93.249,15819
CBAPD,20150715,93.250,93.500,93.150,93.479,22985
CBAPD,20150716,93.500,93.550,93.250,93.540,27051
CBAPD,20150717,93.600,94.200,93.500,94.170,24368
CBAPD,20150720,94.200,94.400,94.190,94.350,26484
CBAPD,20150721,94.351,94.500,94.250,94.390,44924
CBAPD,20150722,94.390,94.450,94.200,94.350,30047
CBAPD,20150723,94.300,94.440,94.151,94.369,33327
CBAPD,20150724,94.298,94.380,94.060,94.370,24029
CBAPD,20150727,94.060,94.060,93.300,93.799,26508
CBAPD,20150728,93.650,93.650,93.300,93.400,13291
CBAPD,20150729,93.480,93.510,93.331,93.500,14744
CBAPD,20150730,93.400,93.540,93.300,93.499,27693
CBAPD,20150731,93.350,93.600,93.250,93.250,38056
CBAPD,20150803,93.250,93.389,93.100,93.350,20235
CBAPD,20150804,93.300,93.500,93.300,93.500,18443
CBAPD,20150805,93.500,93.750,93.420,93.501,14682
CBAPD,20150806,93.501,93.600,93.421,93.490,16158
CBAPD,20150807,93.590,93.590,93.200,93.499,33070
CBAPD,20150810,93.500,93.700,93.200,93.201,17989
CBAPD,20150811,93.450,93.550,93.110,93.150,17032
CBAPD,20150817,93.200,93.200,92.000,92.210,45981
CBAPD,20150818,92.250,92.600,92.050,92.302,24215
CBAPD,20150819,92.290,92.570,92.100,92.361,22141
CBAPD,20150820,92.510,92.600,92.250,92.400,25117
CBAPD,20150821,92.259,92.550,91.800,92.110,25648
CBAPD,20150824,91.750,91.800,90.500,90.600,28335
CBAPD,20150825,90.500,92.300,89.800,90.220,37195
CBAPD,20150826,91.950,92.000,90.500,91.010,19193
CBAPD,20150827,91.300,92.550,91.050,92.550,36324
CBAPD,20150828,92.500,92.500,92.010,92.500,22924
CBAPD,20150831,92.300,92.300,91.000,91.800,14348
CBAPD,20150901,91.800,92.220,91.250,92.090,21222
CBAPD,20150902,92.090,92.090,90.750,90.750,28801
CBAPD,20150903,89.950,90.150,89.350,89.500,24610
CBAPD,20150904,89.500,90.000,88.010,89.550,22487
CBAPD,20150907,89.550,89.990,88.400,88.850,45944
CBAPD,20150908,88.849,89.250,88.211,89.000,30443
CBAPD,20150909,89.000,89.950,88.600,89.950,19682
CBAPD,20150910,89.790,89.950,89.600,89.950,19612
CBAPD,20150914,89.950,89.950,88.980,89.740,40889
CBAPD,20150915,89.700,89.950,89.030,89.940,29096
CBAPD,20150916,89.940,89.990,89.511,89.560,17374
CBAPD,20150917,89.949,89.949,89.071,89.749,15028
CBAPD,20150918,89.210,89.830,88.711,89.830,24394
CBAPD,20150921,89.799,89.799,89.351,89.460,23518
CBAPD,20150922,89.461,89.690,88.800,89.440,27756
CBAPD,20150923,89.400,89.400,88.170,88.450,20004
CBAPD,20150924,88.350,88.730,88.200,88.500,18439
CBAPD,20150925,88.500,88.900,88.021,88.083,21703
CBAPD,20150928,88.101,88.529,87.820,88.000,35898
CBAPD,20150929,88.299,88.299,87.160,87.211,19214
CBAPD,20150930,87.200,87.200,86.400,87.000,32695
CBAPD,20151001,87.000,87.110,86.760,87.000,16189
CBAPD,20151002,87.000,87.000,86.650,86.879,14970
CBAPD,20151005,86.700,86.849,86.600,86.700,7210
CBAPD,20151006,86.650,86.900,86.450,86.800,27260
CBAPD,20151007,86.900,87.100,86.800,86.810,19680
CBAPD,20151008,86.862,88.300,86.862,87.950,22301
CBAPD,20151009,87.970,89.400,87.500,89.400,16941
CBAPD,20151012,89.150,89.350,88.990,89.348,18097
CBAPD,20151013,89.100,89.290,89.000,89.001,21755
CBAPD,20151014,89.000,89.190,88.900,89.002,15648
CBAPD,20151015,89.001,89.190,88.600,89.150,15036
CBAPD,20151016,88.800,89.350,88.711,89.270,20024
CBAPD,20151019,89.260,89.340,89.131,89.200,18307
CBAPD,20151020,89.300,89.330,89.150,89.290,22748
CBAPD,20151021,89.290,89.390,89.180,89.230,8249
CBAPD,20151022,89.250,89.500,89.230,89.380,16563
CBAPD,20151023,89.470,89.600,89.350,89.400,35678
CBAPD,20151026,89.990,90.000,89.600,89.600,27150
CBAPD,20151027,89.990,90.500,89.700,90.500,10709
CBAPD,20151028,90.511,91.380,90.510,91.200,13315
CBAPD,20151029,91.200,91.250,90.521,91.240,21008
CBAPD,20151030,91.199,91.199,90.761,90.800,10535
CBAPD,20151102,91.000,91.250,90.750,91.000,8095
CBAPD,20151103,91.000,91.100,90.510,90.699,7309
CBAPD,20151104,90.750,91.450,90.306,91.300,21263
CBAPD,20151105,91.300,91.940,91.300,91.600,13191
CBAPD,20151106,91.750,92.500,91.750,92.500,8946
CBAPD,20151109,92.500,92.500,91.700,91.701,12365
CBAPD,20151110,91.700,92.370,91.310,92.370,11734
CBAPD,20151111,92.340,92.340,91.320,92.289,10482
CBAPD,20151112,92.299,92.299,91.431,91.770,7720
CBAPD,20151113,91.650,92.000,91.030,91.500,9032
CBAPD,20151116,91.320,91.500,90.511,90.550,12804
CBAPD,20151117,90.550,91.000,90.160,90.699,12193
CBAPD,20151118,90.700,90.800,90.050,90.597,14376
CBAPD,20151119,90.250,90.729,89.811,90.619,26404
CBAPD,20151120,90.250,90.500,89.920,90.200,24565
CBAPD,20151123,90.200,90.800,90.000,90.800,11587
CBAPD,20151124,90.800,91.000,90.500,90.920,19017
CBAPD,20151125,90.800,91.100,90.500,91.100,10255
CBAPD,20151126,91.250,91.253,90.551,90.996,10469
CBAPD,20151127,90.996,91.240,90.620,90.998,6442
CBAPD,20151130,90.760,91.400,90.760,90.999,12641
CBAPD,20151201,90.950,91.299,90.900,91.100,53065
CBAPD,20151202,91.000,91.230,90.600,90.600,31451
CBAPD,20151203,89.700,90.000,88.663,89.000,25424
CBAPD,20151204,88.500,88.700,88.350,88.501,17462
CBAPD,20151207,88.501,88.708,88.500,88.700,14455
CBAPD,20151208,88.700,89.380,88.520,89.150,16324
CBAPD,20151209,89.150,89.249,88.600,88.650,53096
CBAPD,20151210,88.650,88.650,86.500,87.400,45589
CBAPD,20151211,86.810,88.000,86.810,88.000,17194
CBAPD,20151214,88.010,88.500,87.621,88.000,8721
CBAPD,20151215,87.600,87.950,87.210,87.950,52559
CBAPD,20151216,87.890,87.890,87.171,87.779,12980
CBAPD,20151217,87.789,87.800,87.120,87.455,14799
CBAPD,20151218,87.422,87.800,87.422,87.500,22740
CBAPD,20151221,87.500,87.699,87.261,87.639,14402
CBAPD,20151222,87.420,88.350,87.420,87.999,20493
CBAPD,20151223,88.299,88.599,87.701,88.500,6877
CBAPD,20151224,88.500,89.100,88.450,89.100,8284
CBAPD,20151229,89.000,89.220,88.250,88.260,6565
CBAPD,20151230,88.500,88.890,88.340,88.340,1846
CBAPD,20151231,88.479,88.980,88.250,88.980,5458
CBAPD,20160104,88.979,89.000,88.300,89.000,8332
CBAPD,20160105,89.000,89.300,89.000,89.280,4602
CBAPD,20160106,89.200,89.200,88.680,88.750,6093
CBAPD,20160107,88.940,89.270,88.500,88.500,6622
CBAPD,20160108,88.500,89.000,88.250,88.930,5392
CBAPD,20160111,88.600,88.800,88.000,88.000,8953
CBAPD,20160112,87.800,88.450,87.800,88.420,4762
CBAPD,20160113,88.000,88.400,87.800,87.940,6359
CBAPD,20160114,87.940,88.000,87.500,88.000,17833
CBAPD,20160115,88.000,88.810,87.951,88.500,11213
CBAPD,20160118,88.500,88.650,87.510,87.510,8813
CBAPD,20160119,87.530,87.990,87.320,87.350,10524
CBAPD,20160120,87.650,87.850,87.300,87.300,9735
CBAPD,20160121,87.250,87.300,86.900,87.300,18305
CBAPD,20160122,87.000,87.550,86.990,87.300,13998
CBAPD,20160125,87.080,88.000,87.080,87.600,8248
CBAPD,20160127,87.600,87.720,87.302,87.600,8040
CBAPD,20160128,87.651,88.300,87.651,87.721,7651
CBAPD,20160129,87.999,88.050,87.250,87.250,18622
CBAPD,20160201,87.010,87.250,86.710,87.000,14967
CBAPD,20160202,86.800,87.499,86.800,87.199,49390
CBAPD,20160203,87.000,87.400,87.000,87.300,8249
CBAPD,20160204,87.489,87.940,87.350,87.600,13965
CBAPD,20160205,87.700,88.120,87.700,88.120,16517
CBAPD,20160208,87.910,88.280,87.801,87.900,15003
CBAPD,20160209,87.900,87.900,87.240,87.250,18242
CBAPD,20160210,87.250,87.800,86.820,86.820,20438
CBAPD,20160211,86.820,87.000,86.561,86.751,13819
CBAPD,20160212,86.700,86.950,86.010,86.050,21569
CBAPD,20160215,86.290,86.600,85.290,85.290,12563
CBAPD,20160216,85.400,85.750,85.300,85.600,21049
CBAPD,20160217,85.880,87.499,85.600,86.949,20865
CBAPD,20160218,87.500,87.580,86.501,86.800,12146
CBAPD,20160219,87.000,88.280,86.800,88.240,18206
CBAPD,20160222,87.900,87.900,87.000,87.000,10435
CBAPD,20160223,87.000,87.200,86.830,86.861,14875
CBAPD,20160224,86.860,87.100,86.750,86.750,19422
CBAPD,20160225,86.800,86.820,86.321,86.700,14613
CBAPD,20160226,86.800,87.280,86.800,87.150,22306
CBAPD,20160229,87.150,87.500,86.500,86.500,10172
CBAPD,20160301,87.000,87.100,86.550,86.550,15598
CBAPD,20160302,86.950,86.950,86.000,86.500,24191
CBAPD,20160303,85.800,85.800,85.500,85.600,16088
CBAPD,20160304,85.700,85.700,85.400,85.500,12955
CBAPD,20160307,85.550,86.000,85.550,85.801,12040
CBAPD,20160308,85.800,86.000,85.550,86.000,17503
CBAPD,20160309,85.700,86.000,85.600,86.000,27526
CBAPD,20160310,86.000,86.000,85.701,86.000,20693
CBAPD,20160311,85.990,86.200,85.860,86.000,30777
CBAPD,20160314,86.000,86.100,85.760,85.869,12608
CBAPD,20160315,85.770,85.990,85.510,85.990,12449
CBAPD,20160316,85.920,86.200,85.900,86.150,22395
CBAPD,20160317,86.200,86.500,86.050,86.200,19073
CBAPD,20160318,86.200,86.200,85.700,85.701,17984
CBAPD,20160321,85.710,86.100,85.700,85.879,18080
CBAPD,20160322,86.000,86.300,85.879,86.300,21649
CBAPD,20160323,86.300,86.400,85.750,86.200,28452
CBAPD,20160324,86.300,86.300,85.801,86.100,30270
CBAPD,20160329,86.200,86.250,85.700,85.990,9643
CBAPD,20160330,85.850,86.200,85.850,85.949,16030
CBAPD,20160331,85.801,86.600,85.801,86.600,14269
CBAPD,20160401,86.600,86.600,86.000,86.250,23535
CBAPD,20160404,86.250,86.450,86.051,86.250,15035
CBAPD,20160405,86.250,86.680,86.250,86.400,14741
CBAPD,20160406,86.600,86.600,86.400,86.598,25872
CBAPD,20160407,86.549,87.370,86.500,87.370,18572
CBAPD,20160408,87.350,87.480,87.000,87.299,16497
CBAPD,20160411,87.300,87.400,87.021,87.250,8842
CBAPD,20160412,87.380,87.750,87.350,87.521,12956
CBAPD,20160413,87.700,87.880,87.530,87.540,13005
CBAPD,20160414,87.599,88.000,87.541,88.000,11346
CBAPD,20160415,88.000,88.250,87.820,88.249,11974
CBAPD,20160418,88.249,88.690,87.900,88.690,6806
CBAPD,20160419,88.300,88.680,88.300,88.300,16790
CBAPD,20160420,88.300,88.600,88.250,88.600,16995
CBAPD,20160421,88.600,88.700,88.301,88.548,12013
CBAPD,20160422,88.300,88.840,88.300,88.650,8629
CBAPD,20160426,88.500,89.400,88.270,89.050,42070
CBAPD,20160427,89.050,89.150,89.000,89.020,17802
CBAPD,20160428,89.150,89.920,89.000,89.920,19226
CBAPD,20160429,89.920,90.000,89.511,89.890,7870
CBAPD,20160502,89.526,90.930,89.526,90.930,11047
CBAPD,20160503,90.220,90.750,90.000,90.750,9828
CBAPD,20160504,90.110,90.499,89.900,89.900,16542
CBAPD,20160505,89.910,90.740,89.910,90.200,17395
CBAPD,20160506,90.199,90.350,89.940,89.950,11132
CBAPD,20160509,89.950,90.000,89.661,89.801,10429
CBAPD,20160510,89.950,90.200,89.801,90.000,34712
CBAPD,20160511,90.010,90.440,90.000,90.000,12364
CBAPD,20160512,90.170,90.200,90.000,90.000,11373
CBAPD,20160513,90.000,90.050,89.880,89.950,17175
CBAPD,20160516,89.900,90.000,89.720,89.800,13137
CBAPD,20160517,89.660,89.700,89.430,89.700,35132
CBAPD,20160518,89.601,89.869,89.600,89.840,10212
CBAPD,20160519,89.840,89.850,89.213,89.800,13310
CBAPD,20160520,89.700,90.200,89.700,89.901,18211
CBAPD,20160523,89.880,90.500,89.880,90.500,10336
CBAPD,20160524,90.200,90.490,90.000,90.490,10061
CBAPD,20160525,90.479,90.479,90.000,90.100,12194
CBAPD,20160526,90.100,90.130,89.850,89.880,16391
CBAPD,20160527,89.950,90.390,89.850,90.100,8376
CBAPD,20160530,90.400,90.400,89.880,90.400,17127
CBAPD,20160531,90.100,90.400,89.900,90.350,18185
CBAPD,20160601,90.120,90.200,89.920,90.000,10060
CBAPD,20160602,90.000,90.330,90.000,90.200,15579
CBAPD,20160603,90.200,90.350,89.850,90.099,13829
CBAPD,20160606,89.700,89.700,88.620,88.645,14053
CBAPD,20160607,88.661,88.849,88.000,88.001,17526
CBAPD,20160608,88.000,88.120,87.900,88.005,20349
CBAPD,20160609,88.130,88.400,87.800,88.050,21022
CBAPD,20160610,88.239,88.360,88.006,88.299,13359
CBAPD,20160614,88.189,88.194,87.581,87.950,14946
CBAPD,20160615,87.950,88.100,87.610,87.770,14404
CBAPD,20160616,87.520,87.990,87.500,87.900,10110
CBAPD,20160617,87.970,88.300,87.590,87.931,13931
CBAPD,20160620,88.000,88.139,87.510,87.829,18922
CBAPD,20160621,87.830,87.870,87.190,87.330,21141
CBAPD,20160622,87.310,87.350,86.800,87.150,37958
CBAPD,20160623,87.140,87.190,86.880,86.999,26415
CBAPD,20160624,87.000,87.040,86.470,86.550,19383
CBAPD,20160627,86.550,87.800,86.160,87.770,68601
CBAPD,20160628,87.500,88.050,87.500,87.750,48558
CBAPD,20160629,88.000,88.270,87.700,87.980,13601
CBAPD,20160630,88.000,88.250,87.850,88.179,19061
CBAPD,20160701,88.299,89.260,88.210,89.210,13335
CBAPD,20160704,89.000,89.150,88.420,89.120,8091
CBAPD,20160705,89.120,89.350,88.451,89.250,15056
CBAPD,20160706,89.250,89.400,88.950,89.050,8028
CBAPD,20160707,89.050,89.400,89.050,89.110,15620
CBAPD,20160708,89.111,89.299,89.010,89.250,8952
CBAPD,20160711,89.250,89.900,89.200,89.370,8888
CBAPD,20160712,89.360,89.900,89.300,89.900,8080
CBAPD,20160713,89.890,90.000,89.550,89.552,8577
CBAPD,20160714,89.650,90.000,89.650,90.000,11424
CBAPD,20160715,89.900,90.250,89.550,90.070,15469
CBAPD,20160718,90.240,90.240,90.001,90.050,13688
CBAPD,20160719,90.000,90.700,90.000,90.700,11405
CBAPD,20160720,90.500,90.760,90.250,90.251,11473
CBAPD,20160721,90.250,90.599,90.150,90.599,15147
CBAPD,20160722,90.150,90.599,90.010,90.200,31460
CBAPD,20160725,90.150,90.351,89.650,90.100,20149
CBAPD,20160726,89.830,89.989,89.550,89.560,18289
CBAPD,20160727,89.989,89.989,89.700,89.710,20151
CBAPD,20160728,89.710,89.800,89.461,89.649,25326
CBAPD,20160729,89.480,89.900,89.420,89.500,22722
CBAPD,20160801,89.680,89.720,89.420,89.579,16810
CBAPD,20160802,89.569,89.800,89.360,89.500,34358
CBAPD,20160803,89.450,90.000,89.450,89.861,104925
CBAPD,20160804,90.000,90.000,89.850,89.850,25112
CBAPD,20160805,90.000,90.290,89.850,90.285,20178
CBAPD,20160808,90.200,90.500,90.120,90.490,16666
CBAPD,20160809,90.480,90.650,90.220,90.650,19930
CBAPD,20160810,90.759,91.090,90.511,91.000,25865
CBAPD,20160811,91.050,91.480,91.050,91.449,28654
CBAPD,20160812,91.500,91.700,91.200,91.679,28282
CBAPD,20160815,91.700,91.890,91.550,91.890,17037
CBAPD,20160816,91.890,92.550,91.890,92.400,22891
CBAPD,20160817,92.499,92.540,92.260,92.400,23917
CBAPD,20160818,92.480,92.690,92.250,92.390,10692
CBAPD,20160819,92.401,92.500,92.300,92.440,22021
CBAPD,20160822,92.450,92.460,92.250,92.300,11408
CBAPD,20160823,92.450,93.000,92.150,92.920,14660
CBAPD,20160824,92.920,93.180,92.620,92.700,15565
CBAPD,20160825,92.700,92.700,92.400,92.400,24779
CBAPD,20160826,92.400,92.650,92.280,92.600,7957
CBAPD,20160829,92.550,92.660,92.400,92.640,9241
CBAPD,20160830,92.640,92.800,92.110,92.151,18957
CBAPD,20160831,92.680,92.830,92.060,92.310,31071
CBAPD,20160901,92.780,92.800,92.500,92.501,15220
CBAPD,20160902,92.550,92.700,92.500,92.500,16420
CBAPD,20160905,92.500,92.500,92.085,92.150,29093
CBAPD,20160906,91.380,91.759,91.150,91.539,15061
CBAPD,20160907,91.430,91.669,91.311,91.549,10842
CBAPD,20160908,91.500,91.650,91.401,91.650,22478
CBAPD,20160909,91.650,91.850,91.480,91.500,21976
CBAPD,20160912,91.490,91.490,90.251,90.251,13057
CBAPD,20160913,91.199,91.500,90.711,91.300,19901
CBAPD,20160914,91.400,91.419,90.800,91.290,18304
CBAPD,20160915,91.100,91.290,90.500,90.700,10678
CBAPD,20160916,90.600,91.000,90.050,91.000,14980
CBAPD,20160919,91.000,91.000,90.560,90.560,7128
CBAPD,20160920,90.730,90.800,90.200,90.300,12532
CBAPD,20160921,90.280,90.280,90.130,90.130,19915
CBAPD,20160922,90.140,90.200,89.500,89.550,27362
CBAPD,20160923,89.970,90.880,89.900,90.250,45970
CBAPD,20160926,90.300,90.950,90.110,90.110,14026
CBAPD,20160927,90.230,90.950,90.000,90.930,36624
CBAPD,20160928,90.890,91.000,90.451,90.451,28453
CBAPD,20160929,90.699,91.090,90.300,90.700,21689
CBAPD,20160930,90.750,90.850,90.280,90.280,18111
CBAPD,20161003,90.251,90.990,90.251,90.501,5130
CBAPD,20161004,90.501,91.050,90.501,91.050,18199
CBAPD,20161005,91.110,91.500,91.110,91.450,12772
CBAPD,20161006,91.451,91.500,91.311,91.311,28154
CBAPD,20161007,91.400,92.300,91.202,92.300,15161
CBAPD,20161010,92.450,92.480,92.000,92.099,15814
CBAPD,20161011,92.000,92.300,91.921,92.300,9645
CBAPD,20161012,92.300,92.450,92.300,92.400,7229
CBAPD,20161013,92.400,92.500,92.400,92.500,12456
CBAPD,20161014,92.500,92.759,92.350,92.503,11313
CBAPD,20161017,92.719,92.890,92.550,92.650,12311
CBAPD,20161018,92.650,92.880,92.551,92.600,12095
CBAPD,20161019,92.700,92.990,92.600,92.621,14203
CBAPD,20161020,92.889,93.000,92.681,92.990,8973
CBAPD,20161021,93.000,93.000,92.800,92.850,15778
CBAPD,20161024,92.930,93.090,92.900,93.000,12243
CBAPD,20161025,92.900,93.090,92.900,92.949,9913
CBAPD,20161026,92.940,93.000,92.900,93.000,18401
CBAPD,20161027,92.950,93.100,92.770,92.771,20760
CBAPD,20161028,92.850,93.000,92.770,92.949,17037
CBAPD,20161031,92.940,92.940,92.620,92.750,12419
CBAPD,20161101,92.620,93.000,92.620,93.000,6619
CBAPD,20161102,92.820,93.000,92.750,92.750,9250
CBAPD,20161103,92.850,92.950,92.751,92.801,16529
CBAPD,20161104,92.800,92.950,92.650,92.661,17279
CBAPD,20161107,92.661,93.000,92.661,92.711,7707
CBAPD,20161108,92.741,92.980,92.670,92.680,14095
CBAPD,20161109,92.700,92.750,92.011,92.011,17044
CBAPD,20161110,92.650,92.700,92.201,92.501,10390
CBAPD,20161111,92.500,92.700,92.161,92.300,17216
CBAPD,20161114,92.200,92.300,92.060,92.300,15538
CBAPD,20161115,92.299,92.800,92.250,92.800,19244
CBAPD,20161116,92.800,92.950,92.551,92.849,26590
CBAPD,20161117,92.640,92.810,92.351,92.351,11730
CBAPD,20161118,92.490,92.700,92.453,92.500,18894
CBAPD,20161121,92.699,92.700,92.520,92.669,15228
CBAPD,20161122,92.510,92.700,92.510,92.649,17166
CBAPD,20161123,92.650,92.790,92.600,92.600,21499
CBAPD,20161124,92.600,92.800,92.600,92.800,15471
CBAPD,20161125,92.622,93.000,92.622,92.880,13154
CBAPD,20161128,92.900,93.280,92.812,93.100,14954
CBAPD,20161129,93.100,93.750,93.100,93.650,19491
CBAPD,20161130,93.650,94.080,93.400,94.080,27239
CBAPD,20161201,94.100,94.350,94.080,94.080,17396
CBAPD,20161202,94.100,94.288,93.800,93.910,14717
CBAPD,20161205,93.900,94.550,93.851,94.490,24315
CBAPD,20161206,93.750,94.100,93.520,93.970,17986
CBAPD,20161207,93.970,94.250,93.770,93.929,26092
CBAPD,20161208,93.500,93.999,93.401,93.500,25670
CBAPD,20161209,93.501,93.950,93.500,93.800,12280
CBAPD,20161212,93.800,94.600,93.800,94.600,37535
CBAPD,20161213,94.400,94.639,94.130,94.487,29572
CBAPD,20161214,94.254,95.000,94.253,94.950,26193
CBAPD,20161215,94.750,95.600,94.720,95.490,48350
CBAPD,20161216,95.490,95.780,94.720,95.000,34161
CBAPD,20161219,95.439,96.000,94.520,96.000,30289
CBAPD,20161220,95.750,96.050,95.600,95.949,23296
CBAPD,20161221,95.661,96.050,95.650,95.870,37254
CBAPD,20161222,95.990,96.270,95.987,96.240,23076
CBAPD,20161223,96.240,96.380,96.100,96.200,9965
CBAPD,20161228,96.350,96.590,95.870,95.870,15318
CBAPD,20161229,96.080,96.200,95.800,95.801,6764
CBAPD,20161230,95.810,96.000,95.551,95.700,8685
CBAPD,20170103,95.551,95.980,95.551,95.551,11570
CBAPD,20170104,95.552,95.800,95.552,95.620,9582
CBAPD,20170105,95.701,95.980,95.701,95.800,18530
CBAPD,20170106,95.800,96.040,95.701,96.000,7381
CBAPD,20170109,95.950,96.880,95.950,96.230,17659
CBAPD,20170110,96.210,96.500,96.195,96.500,23277
CBAPD,20170111,96.450,96.500,95.620,95.900,24698
CBAPD,20170112,95.899,96.300,95.849,96.000,24154
CBAPD,20170113,96.240,96.240,95.550,95.661,27135
CBAPD,20170116,95.670,96.180,95.620,95.900,19891
CBAPD,20170117,96.000,96.200,95.800,95.910,12399
CBAPD,20170118,95.900,96.980,95.800,96.620,34819
CBAPD,20170119,96.570,96.960,96.450,96.880,15131
CBAPD,20170120,96.110,96.780,96.010,96.300,17805
CBAPD,20170123,96.500,96.800,96.500,96.750,17686
CBAPD,20170124,96.302,96.750,96.100,96.100,19409
CBAPD,20170125,96.100,96.250,95.836,95.990,22692
CBAPD,20170127,96.500,96.790,95.960,95.960,21120
CBAPD,20170130,96.001,96.100,95.400,95.400,21613
CBAPD,20170131,95.250,95.989,95.250,95.840,20099
CBAPD,20170201,95.650,95.850,95.500,95.650,19870
CBAPD,20170202,95.520,96.000,95.280,95.600,26677
CBAPD,20170203,95.580,95.900,95.020,95.051,24372
CBAPD,20170206,95.010,95.100,94.560,94.701,19946
CBAPD,20170207,94.590,95.100,94.590,94.801,16486
CBAPD,20170208,94.790,94.889,94.300,94.300,20544
CBAPD,20170209,94.300,94.579,94.100,94.130,19662
CBAPD,20170210,94.100,94.740,94.000,94.740,22948
CBAPD,20170213,94.550,94.850,94.550,94.740,12652
CBAPD,20170214,94.850,95.150,94.740,95.150,15184
CBAPD,20170215,95.100,95.300,94.740,94.740,16403
CBAPD,20170216,94.811,95.250,94.811,95.100,12781
CBAPD,20170217,94.950,95.500,94.900,95.160,23178
CBAPD,20170220,94.999,95.000,94.700,94.800,14419
CBAPD,20170221,94.730,95.000,94.700,95.000,68531
CBAPD,20170222,94.900,95.680,94.651,95.680,14902
CBAPD,20170223,95.550,95.850,95.100,95.331,9050
CBAPD,20170224,95.180,95.750,95.170,95.729,10669
CBAPD,20170227,95.451,95.748,95.030,95.150,21522
CBAPD,20170228,95.739,95.749,95.200,95.679,25478
CBAPD,20170301,95.450,95.740,95.210,95.680,16557
CBAPD,20170302,95.500,95.750,95.400,95.490,19825
CBAPD,20170303,95.579,95.880,95.550,95.600,70369
CBAPD,20170306,94.850,95.390,94.750,94.800,22821
CBAPD,20170307,94.800,95.090,94.400,95.090,16878
CBAPD,20170308,94.810,95.250,94.810,95.000,10696
CBAPD,20170309,95.000,95.000,94.840,94.840,24778
CBAPD,20170310,94.861,95.000,94.800,95.000,19960
CBAPD,20170313,95.000,95.050,94.650,94.650,17099
CBAPD,20170314,94.800,95.010,94.610,95.000,15366
CBAPD,20170315,94.850,95.050,94.701,94.900,27598
CBAPD,20170316,94.900,95.150,94.500,95.050,16525
CBAPD,20170317,95.010,95.090,94.901,94.950,15086
CBAPD,20170320,94.950,95.050,94.901,95.010,28477
CBAPD,20170321,95.000,95.090,94.890,94.890,32834
CBAPD,20170322,94.890,95.020,94.700,94.700,45254
CBAPD,20170323,94.700,95.000,94.680,94.820,12185
CBAPD,20170324,94.820,95.000,94.790,95.000,16315
CBAPD,20170327,95.000,95.040,94.870,95.040,26028
CBAPD,20170328,95.000,95.010,94.800,95.000,26599
CBAPD,20170329,94.770,95.030,94.770,95.000,18215
CBAPD,20170330,95.010,95.100,94.900,95.005,17285
CBAPD,20170331,95.050,95.200,94.900,95.010,97588
CBAPD,20170403,95.050,95.200,94.802,95.000,65154
CBAPD,20170404,95.000,95.250,94.790,95.080,24136
CBAPD,20170405,95.100,95.150,94.670,95.150,19630
CBAPD,20170406,95.050,95.150,94.960,95.050,23764
CBAPD,20170407,95.110,95.110,94.800,94.800,14068
CBAPD,20170410,94.800,95.150,94.700,95.150,19731
CBAPD,20170411,95.100,95.500,94.802,95.500,22068
CBAPD,20170412,95.480,95.480,95.200,95.430,20462
CBAPD,20170413,95.430,95.800,95.250,95.800,31014
CBAPD,20170418,96.000,96.200,95.490,96.000,17037
CBAPD,20170419,96.000,96.350,95.900,96.150,19380
CBAPD,20170420,96.000,96.300,95.700,95.900,21501
CBAPD,20170421,95.860,96.300,95.750,96.149,17796
CBAPD,20170424,96.000,96.550,95.960,96.450,19669
CBAPD,20170426,96.450,96.570,96.210,96.570,24926
CBAPD,20170427,96.500,96.730,96.300,96.650,16738
CBAPD,20170428,96.630,96.950,96.500,96.700,18895
CBAPD,20170501,96.500,96.800,96.470,96.800,15575
CBAPD,20170502,96.750,96.800,96.360,96.589,30815
CBAPD,20170503,96.400,96.900,96.270,96.500,24173
CBAPD,20170504,96.401,97.000,96.401,97.000,21947
CBAPD,20170505,96.800,97.190,96.560,96.830,51105
CBAPD,20170508,96.900,97.000,96.450,96.450,22808
CBAPD,20170509,96.500,96.780,96.450,96.600,37671
CBAPD,20170510,96.600,96.810,96.500,96.670,36391
CBAPD,20170511,96.670,97.000,96.600,96.661,33852
CBAPD,20170512,96.641,96.990,96.550,96.720,19086
CBAPD,20170515,96.750,96.990,96.460,96.600,28595
CBAPD,20170516,96.570,96.930,96.570,96.930,33313
CBAPD,20170517,96.950,97.050,96.820,96.855,22337
CBAPD,20170518,96.820,97.000,96.650,96.711,21376
CBAPD,20170519,96.790,97.120,96.790,97.100,24930
CBAPD,20170522,97.010,97.120,96.851,97.000,14849
CBAPD,20170523,97.040,97.690,97.000,97.200,26919
CBAPD,20170524,97.301,98.100,97.301,98.000,30974
CBAPD,20170525,97.990,98.000,97.700,97.800,44517
CBAPD,20170526,97.850,97.850,97.401,97.600,17413
CBAPD,20170529,97.600,97.970,97.400,97.520,16028
CBAPD,20170530,97.676,97.676,97.010,97.200,21796
CBAPD,20170531,97.650,97.650,97.150,97.350,25668
CBAPD,20170601,97.250,97.350,96.900,97.100,23645
CBAPD,20170602,97.150,97.280,96.820,96.900,22597
CBAPD,20170605,96.899,97.150,96.610,96.650,31264
CBAPD,20170606,96.450,96.450,95.250,95.250,29557
CBAPD,20170607,95.220,95.750,95.080,95.450,34601
CBAPD,20170608,95.450,95.740,94.440,94.600,51246
CBAPD,20170609,94.500,94.600,93.700,94.010,48114
CBAPD,20170613,94.000,94.150,93.980,94.080,30275
CBAPD,20170614,94.100,94.500,94.000,94.200,37634
CBAPD,20170615,94.200,94.650,94.170,94.240,55276
CBAPD,20170616,94.219,94.530,94.000,94.000,23076
CBAPD,20170619,93.930,94.600,93.930,94.210,41325
CBAPD,20170620,94.240,94.500,94.220,94.260,48005
CBAPD,20170621,94.300,94.948,94.010,94.450,46840
CBAPD,20170622,94.450,94.880,94.450,94.500,32392
CBAPD,20170623,94.590,94.690,94.421,94.440,46849
CBAPD,20170626,94.410,94.750,94.410,94.600,26199
CBAPD,20170627,94.500,94.950,94.500,94.900,26881
CBAPD,20170628,94.750,95.500,94.750,95.400,22902
CBAPD,20170629,95.480,96.430,95.420,96.430,26578
CBAPD,20170630,96.200,96.550,96.050,96.500,19651
CBAPD,20170703,96.500,96.850,96.261,96.750,19950
CBAPD,20170704,96.500,97.000,96.430,96.800,26340
CBAPD,20170705,96.730,96.990,96.510,96.750,35388
CBAPD,20170706,96.750,96.900,96.681,96.850,29737
CBAPD,20170707,96.720,97.199,96.720,96.921,24089
CBAPD,20170710,96.900,97.440,96.860,97.400,16489
CBAPD,20170711,97.350,98.000,97.160,97.651,31844
CBAPD,20170712,97.660,98.150,97.650,97.800,20407
CBAPD,20170713,97.800,98.200,97.780,98.000,23213
CBAPD,20170714,98.000,98.000,97.550,97.632,17690
CBAPD,20170717,97.630,97.630,96.980,96.980,18522
CBAPD,20170718,96.990,97.200,96.510,96.649,26305
CBAPD,20170719,96.510,97.100,96.510,96.600,37039
CBAPD,20170720,96.600,96.820,96.550,96.550,22201
CBAPD,20170721,96.530,96.819,96.530,96.620,22670
CBAPD,20170724,96.620,96.880,96.605,96.699,22051
CBAPD,20170725,96.700,96.700,96.460,96.619,25858
CBAPD,20170726,96.550,96.690,96.510,96.599,25826
CBAPD,20170727,96.500,97.000,96.400,96.681,16107
CBAPD,20170728,96.617,96.850,96.617,96.850,76020
CBAPD,20170731,96.690,97.250,96.550,96.739,18189
CBAPD,20170801,96.699,97.000,96.550,96.800,20918
CBAPD,20170802,96.650,96.980,96.650,96.730,33196
CBAPD,20170803,96.730,97.290,96.730,97.020,105553
CBAPD,20170804,96.800,97.000,96.300,96.700,34014
CBAPD,20170807,96.710,96.710,96.290,96.600,29529
CBAPD,20170808,96.350,96.690,96.320,96.690,21639
CBAPD,20170809,96.600,96.930,96.450,96.700,15999
CBAPD,20170810,96.700,96.900,96.500,96.800,19214
CBAPD,20170811,96.510,96.800,96.500,96.680,12962
CBAPD,20170814,96.512,96.680,96.420,96.599,35534
CBAPD,20170815,96.501,96.640,96.451,96.460,28793
CBAPD,20170816,96.480,97.000,96.400,97.000,25766
CBAPD,20170817,96.650,97.000,96.630,96.990,23072
CBAPD,20170818,97.000,97.300,96.850,97.281,13446
CBAPD,20170821,97.200,97.200,96.801,96.801,15898
CBAPD,20170822,97.000,97.200,96.890,97.010,13544
CBAPD,20170823,97.010,97.200,96.910,96.920,25818
CBAPD,20170824,97.150,97.200,96.951,97.200,12800
CBAPD,20170825,97.020,97.400,97.020,97.400,27271
CBAPD,20170828,97.400,97.580,97.301,97.479,18269
CBAPD,20170829,97.380,97.430,97.050,97.290,19714
CBAPD,20170830,97.150,97.300,96.810,96.810,25508
CBAPD,20170831,96.850,96.940,96.730,96.740,21324
CBAPD,20170901,96.810,97.280,96.670,97.010,21303
CBAPD,20170904,97.050,97.100,96.960,97.000,68400
CBAPD,20170905,96.975,97.890,96.840,97.800,69798
CBAPD,20170906,96.550,96.890,96.400,96.800,20369
CBAPD,20170907,96.690,96.690,96.110,96.369,33685
CBAPD,20170908,96.329,96.400,96.100,96.160,33148
CBAPD,20170911,96.163,96.369,96.020,96.299,36157
CBAPD,20170912,96.060,96.600,96.060,96.500,37269
CBAPD,20170913,96.500,96.590,96.021,96.055,39169
CBAPD,20170914,96.100,96.550,96.070,96.450,18906
CBAPD,20170915,96.600,96.900,96.401,96.810,12968
CBAPD,20170918,96.808,97.000,96.600,96.900,16987
CBAPD,20170919,96.850,97.290,96.850,97.001,28329
CBAPD,20170920,97.000,97.210,96.850,97.119,31332
CBAPD,20170921,97.129,97.289,96.900,96.950,21383
CBAPD,20170922,97.000,97.240,96.600,96.640,24607
CBAPD,20170925,96.700,97.000,96.550,96.699,15186
CBAPD,20170926,96.700,96.950,96.500,96.650,16585
CBAPD,20170927,96.660,97.230,96.610,96.900,16020
CBAPD,20170928,96.900,97.200,96.750,96.800,17652
CBAPD,20170929,96.799,97.250,96.700,97.250,10329
CBAPD,20171002,97.249,97.360,97.050,97.300,9074
CBAPD,20171003,97.350,97.960,97.350,97.900,21717
CBAPD,20171004,97.720,97.930,97.699,97.700,8067
CBAPD,20171005,97.900,97.960,97.601,97.800,14524
CBAPD,20171006,97.760,97.958,97.760,97.810,18447
CBAPD,20171009,97.849,97.849,97.450,97.561,27589
CBAPD,20171010,97.600,97.700,97.470,97.470,16846
CBAPD,20171011,97.600,97.800,97.480,97.800,19607
CBAPD,20171012,97.600,97.960,97.521,97.959,22409
CBAPD,20171013,97.899,97.899,97.601,97.601,38592
CBAPD,20171016,97.600,97.960,97.550,97.957,14186
CBAPD,20171017,97.775,98.250,97.771,98.248,33216
CBAPD,20171018,98.201,98.250,97.800,98.240,25581
CBAPD,20171019,97.752,98.200,97.752,97.878,35484
CBAPD,20171020,97.870,98.199,97.797,97.797,21134
CBAPD,20171023,97.990,98.099,97.800,97.860,10320
CBAPD,20171024,98.000,98.120,97.820,98.120,27260
CBAPD,20171025,98.100,98.120,97.850,98.100,10733
CBAPD,20171026,98.000,98.250,97.911,98.100,26444
CBAPD,20171027,98.100,98.250,97.911,98.090,16732
CBAPD,20171030,98.000,98.200,97.951,98.051,12800
CBAPD,20171031,98.040,98.450,98.011,98.300,21439
CBAPD,20171101,98.121,98.590,98.061,98.590,27624
CBAPD,20171102,98.550,98.960,98.550,98.680,21838
CBAPD,20171103,98.900,98.970,98.500,98.500,27124
CBAPD,20171106,98.510,98.779,98.280,98.549,19765
CBAPD,20171107,98.549,98.799,98.400,98.799,10353
CBAPD,20171108,98.800,99.540,98.800,98.950,24376
CBAPD,20171109,98.860,99.000,98.800,99.000,22969
CBAPD,20171110,98.911,98.999,98.500,98.899,21106
CBAPD,20171113,98.620,99.000,98.620,98.953,17974
CBAPD,20171114,98.950,98.970,98.581,98.751,23204
CBAPD,20171115,98.801,98.968,98.661,98.750,26412
CBAPD,20171116,98.750,98.750,98.500,98.689,12684
CBAPD,20171117,98.600,98.749,98.450,98.550,24532
CBAPD,20171120,98.500,98.690,98.340,98.340,23082
CBAPD,20171121,98.251,98.439,98.250,98.349,16930
CBAPD,20171122,98.300,98.440,98.250,98.320,26617
CBAPD,20171123,98.300,98.300,98.150,98.300,15471
CBAPD,20171124,98.320,98.500,98.100,98.401,24162
CBAPD,20171127,98.400,98.560,98.360,98.538,27026
CBAPD,20171128,98.538,98.550,98.450,98.550,18935
CBAPD,20171129,98.550,98.650,98.450,98.453,22164
CBAPD,20171130,98.453,98.453,98.210,98.350,20806
CBAPD,20171201,98.309,98.309,98.140,98.300,20079
CBAPD,20171204,98.300,98.400,98.270,98.351,18091
CBAPD,20171205,98.400,98.750,98.361,98.650,24623
CBAPD,20171206,97.950,98.250,97.820,97.949,34292
CBAPD,20171207,97.949,97.950,97.550,97.700,30688
CBAPD,20171208,97.710,97.889,97.230,97.549,32113
CBAPD,20171211,97.679,97.700,97.341,97.450,37030
CBAPD,20171212,97.450,97.500,97.331,97.500,18644
CBAPD,20171213,97.500,97.500,97.220,97.251,34919
CBAPD,20171214,97.310,97.450,97.250,97.300,54430
CBAPD,20171215,97.300,97.420,97.250,97.420,28254
CBAPD,20171218,97.400,97.650,97.341,97.500,43871
CBAPD,20171219,97.610,97.990,97.610,97.811,47419
CBAPD,20171220,97.812,98.150,97.800,98.013,30570
CBAPD,20171221,98.030,98.320,98.030,98.250,27747
CBAPD,20171222,98.151,98.849,98.151,98.411,28094
CBAPD,20171227,98.420,98.749,98.410,98.649,12058
CBAPD,20171228,98.649,98.880,98.600,98.880,4464
CBAPD,20171229,98.750,98.877,98.500,98.520,6949
CBAPD,20180102,98.521,98.880,98.521,98.699,10970
CBAPD,20180103,98.650,98.780,98.573,98.700,8354
CBAPD,20180104,98.780,99.000,98.612,98.680,10651
CBAPD,20180105,98.880,99.000,98.701,99.000,10968
CBAPD,20180108,98.781,99.000,98.750,98.850,12476
CBAPD,20180109,98.849,99.000,98.750,98.851,16240
CBAPD,20180110,98.900,99.199,98.850,98.911,16229
CBAPD,20180111,99.000,99.150,98.980,99.100,11857
CBAPD,20180112,99.200,99.254,98.900,99.050,12529
CBAPD,20180115,99.100,99.159,98.870,98.951,28825
CBAPD,20180116,98.950,99.200,98.950,99.150,14366
CBAPD,20180117,99.150,99.200,99.000,99.050,26851
CBAPD,20180118,99.050,99.090,99.000,99.090,15520
CBAPD,20180119,99.040,99.250,99.040,99.220,15111
CBAPD,20180122,99.220,99.350,99.080,99.111,18522
CBAPD,20180123,99.350,99.490,99.100,99.490,23583
CBAPD,20180124,99.480,99.480,99.251,99.350,15432
CBAPD,20180125,99.350,99.400,99.270,99.379,15922
CBAPD,20180129,99.349,99.600,99.270,99.300,35286
CBAPD,20180130,99.300,99.300,99.110,99.154,20542
CBAPD,20180131,99.150,99.150,98.960,98.962,46480
CBAPD,20180201,99.100,99.250,98.971,99.111,22844
CBAPD,20180202,99.100,99.499,98.950,99.051,37534
CBAPD,20180205,98.999,99.050,98.610,98.900,21392
CBAPD,20180206,98.700,99.058,98.310,98.850,32012
CBAPD,20180207,98.799,99.000,98.316,98.319,25534
CBAPD,20180208,98.300,98.700,98.251,98.501,17045
CBAPD,20180209,98.351,98.500,98.140,98.400,32396
CBAPD,20180212,98.380,98.380,98.000,98.002,17079
CBAPD,20180213,98.110,98.400,98.110,98.150,25797
CBAPD,20180214,98.160,98.400,98.001,98.250,28131
CBAPD,20180215,98.251,98.399,98.010,98.189,23458
CBAPD,20180216,98.150,98.400,98.050,98.350,22965
CBAPD,20180219,98.350,98.400,98.100,98.270,19712
CBAPD,20180220,98.400,98.400,98.250,98.390,23340
CBAPD,20180221,98.200,98.400,98.100,98.200,15126
CBAPD,20180222,98.220,98.900,98.010,98.070,23786
CBAPD,20180223,98.110,98.400,98.002,98.010,12102
CBAPD,20180226,98.200,98.830,98.000,98.140,17385
CBAPD,20180227,98.250,98.995,98.250,98.500,13986
CBAPD,20180228,98.500,99.330,98.500,99.200,31002
CBAPD,20180301,99.200,99.290,98.760,99.180,16422
CBAPD,20180302,98.750,99.200,98.750,99.100,17402
CBAPD,20180305,98.940,99.099,98.781,98.900,12194
CBAPD,20180306,97.710,98.010,97.680,97.840,16811
CBAPD,20180307,97.700,97.750,97.100,97.100,34617
CBAPD,20180308,97.200,97.399,97.060,97.150,33076
CBAPD,20180309,97.110,97.110,96.499,96.800,28707
CBAPD,20180312,96.890,97.100,96.800,97.050,13664
CBAPD,20180313,97.000,97.000,96.610,96.770,46608
CBAPD,20180314,96.799,96.799,96.000,96.180,38029
CBAPD,20180315,96.300,96.400,95.950,96.053,53415
CBAPD,20180316,96.020,96.639,96.020,96.449,30498
CBAPD,20180319,96.310,96.740,96.180,96.397,27457
CBAPD,20180320,96.300,96.938,96.230,96.938,33170
CBAPD,20180321,96.880,96.880,96.453,96.491,33607
CBAPD,20180322,96.340,96.749,96.300,96.499,19042
CBAPD,20180323,96.261,96.450,96.110,96.300,8457
